# label, type1, x1, y1, type2, x2, y2, ...
12_4_è¨ìcå¥ê¸_è¨ìcã}ìdìS,0,480770.2,-3936506.8,1,480821.6,-3936502.5,1,480867.06,-3936498.8,1,480998.47,-3936491.2,1,481063.66,-3936491.8,1,481336.9,-3936499.2,1,481583.44,-3936505.0,1,481702.2,-3936509.5,1,481823.75,-3936525.0
11_2_å‰ìaèÍê¸_ìåäCó∑ãqìSìπ,0,442452.56,-3908241.2,1,442569.12,-3908127.0,1,442585.03,-3908111.5,1,442630.03,-3908073.5,1,442646.5,-3908061.2,1,442680.88,-3908036.0,1,442731.2,-3908005.2,1,442852.6,-3907950.5,1,442955.94,-3907911.2,1,443080.38,-3907863.8,1,443182.8,-3907824.2,1,443402.75,-3907743.5,1,443709.28,-3907633.0,1,443932.22,-3907550.8,1,444134.72,-3907473.8,1,444226.34,-3907434.5,1,444305.8,-3907398.8,1,444441.75,-3907337.8,1,444703.56,-3907219.2,1,444858.22,-3907146.5,1,444876.8,-3907139.5,1,445008.12,-3907080.2,1,445217.72,-3906985.5,1,445221.53,-3906984.0
11_2_íﬂå©ê¸_ìåì˙ñ{ó∑ãqìSìπ,0,497298.4,-3923278.8,1,497264.34,-3923338.0
11_2_å‰ìaèÍê¸_ìåäCó∑ãqìSìπ,0,445333.84,-3906937.2,1,445389.56,-3906911.0,1,445411.56,-3906896.5
11_2_ç™ä›ê¸_ìåì˙ñ{ó∑ãqìSìπ,0,488785.34,-3912732.0,1,488711.2,-3912600.0,1,488686.16,-3912551.8,1,488669.56,-3912513.5,1,488647.34,-3912458.8,1,488628.8,-3912389.2,1,488613.97,-3912341.0,1,488610.3,-3912325.5,1,488605.66,-3912299.5,1,488601.88,-3912264.8,1,488600.88,-3912205.8,1,488600.3,-3912185.0,1,488598.03,-3912097.2,1,488594.44,-3911995.2,1,488594.16,-3911987.2,1,488595.16,-3911969.2,1,488598.72,-3911914.2,1,488605.1,-3911876.2,1,488614.5,-3911840.8,1,488631.97,-3911786.8,1,488652.16,-3911739.8,1,488665.94,-3911716.2,1,488717.5,-3911635.5,1,488795.72,-3911513.2,1,488873.22,-3911392.2
12_4_ëÂétê¸_ãûïlã}çsìdìS,0,498645.62,-3927778.2,1,498570.2,-3927760.5
14_4_ç]ÇÃìáê¸_è√ìÏÉÇÉmÉåÅ[Éã,0,477746.4,-3903648.0,1,477697.53,-3903654.2
11_2_ìÏïêê¸_ìåì˙ñ{ó∑ãqìSìπ,0,495891.94,-3927213.5,1,495870.1,-3927189.8,1,495855.75,-3927174.5,1,495748.8,-3927060.2,1,495667.62,-3926974.2,1,495644.16,-3926948.8,1,495629.53,-3926933.0,1,495616.47,-3926918.2,1,495601.78,-3926902.0,1,495566.7,-3926864.2
11_2_íﬂå©ê¸_ìåì˙ñ{ó∑ãqìSìπ,0,496235.56,-3922968.8,1,496228.22,-3922982.2,1,495983.1,-3923437.8,1,495966.88,-3923461.2,1,495952.8,-3923478.8,1,495942.75,-3923487.8,1,495926.06,-3923501.0,1,495915.62,-3923505.8,1,495902.03,-3923510.5,1,495892.88,-3923513.8
12_4_ñ{ê¸_ëäñÕìSìπ,0,488042.97,-3918733.2,1,488099.44,-3918770.5,1,488126.44,-3918788.5,1,488155.22,-3918808.2,1,488206.62,-3918843.5,1,488286.28,-3918906.2,1,488361.44,-3918980.2,1,488423.53,-3919062.5,1,488544.22,-3919210.8,1,488638.75,-3919346.8
11_2_ìåäCìπê¸_ìåì˙ñ{ó∑ãqìSìπ,0,476679.8,-3906024.0,1,476798.3,-3906029.8,1,476958.8,-3906037.5,1,476986.44,-3906039.2
11_2_ìåäCìπê¸_ìåì˙ñ{ó∑ãqìSìπ,0,449128.84,-3899203.5,1,449289.84,-3899234.8,1,449320.44,-3899240.8,1,449562.25,-3899287.5,1,449621.62,-3899299.0,1,449720.88,-3899318.2,1,450650.0,-3899498.8,1,450679.3,-3899503.2,1,450688.6,-3899505.0,1,451146.0,-3899593.8,1,451160.94,-3899596.8,1,451191.16,-3899602.8,1,451211.56,-3899606.5,1,451516.72,-3899666.0,1,451749.22,-3899720.8
11_2_ëäñÕê¸_ìåì˙ñ{ó∑ãqìSìπ,0,465738.6,-3928865.8,1,465711.0,-3928903.2,1,465695.12,-3928923.5
12_3_3çÜê¸_â°ïlés,0,483092.2,-3931332.5,1,483172.9,-3931313.2,1,483233.88,-3931298.0,1,483279.06,-3931285.8,1,483338.47,-3931264.8,1,483430.28,-3931231.8,1,483478.84,-3931213.8,1,483572.28,-3931174.0,1,483606.3,-3931155.2,1,483668.44,-3931132.2,1,483709.8,-3931116.8,1,483743.88,-3931103.5,1,483889.62,-3931082.5,1,484040.38,-3931057.0,1,484055.6,-3931053.2,1,484065.2,-3931050.8,1,484079.97,-3931047.0,1,484139.8,-3931023.5,1,484192.5,-3930989.0,1,484225.1,-3930961.5,1,484259.66,-3930936.8,1,484302.38,-3930904.2,1,484339.03,-3930879.5,1,484391.88,-3930840.8
11_2_íÜâõê¸_ìåì˙ñ{ó∑ãqìSìπ,0,450213.62,-3936897.2,1,450276.53,-3936905.0,1,450320.44,-3936921.5,1,450381.9,-3936946.8,1,450439.88,-3936982.5,1,450475.9,-3937009.0,1,450556.2,-3937065.5,1,450615.75,-3937124.2,1,450626.94,-3937135.5,1,450738.9,-3937268.2,1,450778.75,-3937318.2
12_3_1çÜê¸_â°ïlés,0,490078.56,-3917261.5,1,490098.72,-3917272.0,1,490151.84,-3917302.8,1,490210.34,-3917338.0
12_4_ìåâ°ê¸_ìåãûã}çsìdìS,0,489730.12,-3922705.2,1,489735.5,-3922715.0,1,489749.03,-3922734.0,1,489769.38,-3922760.2,1,489793.06,-3922786.5,1,489811.3,-3922803.0,1,489835.66,-3922825.2,1,489868.16,-3922855.8,1,489894.6,-3922883.5,1,489928.8,-3922916.5,1,490008.62,-3922994.5,1,490027.62,-3923016.8,1,490049.34,-3923043.0,1,490075.7,-3923089.0,1,490087.88,-3923110.2,1,490106.84,-3923143.2,1,490131.94,-3923191.0,1,490174.12,-3923279.0,1,490184.3,-3923302.8,1,490191.03,-3923324.2,1,490194.5,-3923338.2,1,490197.88,-3923354.8,1,490199.25,-3923367.0,1,490201.25,-3923381.0,1,490203.28,-3923411.5,1,490203.3,-3923441.0,1,490201.38,-3923475.0,1,490200.16,-3923523.5,1,490198.1,-3923560.5,1,490196.84,-3923646.0
12_4_ìSìπê¸_î†ç™ìoéRìSìπ,0,439404.3,-3895086.8,1,439409.75,-3895082.0,1,439416.34,-3895074.5,1,439424.0,-3895063.8,1,439432.0,-3895048.5,1,439436.75,-3895036.0,1,439441.8,-3895018.8,1,439446.16,-3895003.2,1,439452.03,-3894984.0,1,439459.16,-3894958.0,1,439464.22,-3894939.0,1,439469.44,-3894920.2,1,439473.12,-3894909.8,1,439476.06,-3894901.8,1,439482.06,-3894890.2,1,439490.0,-3894879.8,1,439496.53,-3894872.2,1,439502.3,-3894867.5,1,439512.28,-3894862.8,1,439528.44,-3894856.0,1,439544.5,-3894849.8,1,439552.7,-3894846.5,1,439565.03,-3894843.8,1,439573.66,-3894840.8,1,439581.62,-3894836.8,1,439587.44,-3894833.8,1,439592.3,-3894829.5,1,439597.66,-3894822.2,1,439600.4,-3894814.5,1,439603.9,-3894804.8,1,439605.94,-3894794.5,1,439608.56,-3894782.5,1,439609.97,-3894772.5,1,439611.25,-3894762.0,1,439612.3,-3894744.8,1,439616.7,-3894730.2,1,439626.75,-3894698.0,1,439622.94,-3894673.8,1,439626.03,-3894645.2,1,439648.06,-3894592.0,1,439665.12,-3894573.0,1,439681.22,-3894557.2,1,439704.6,-3894539.2,1,439721.06,-3894527.2,1,439734.22,-3894518.2,1,439745.53,-3894512.2,1,439756.16,-3894507.8,1,439759.16,-3894507.0,1,439772.25,-3894504.8,1,439785.44,-3894503.5,1,439807.44,-3894502.0,1,439820.62,-3894500.2,1,439841.9,-3894497.8,1,439858.8,-3894494.2,1,439881.53,-3894488.0,1,439904.6,-3894480.2,1,439934.97,-3894465.0,1,439958.0,-3894451.5,1,439972.2,-3894439.2,1,439985.7,-3894429.8,1,440006.53,-3894413.8,1,440019.62,-3894403.0,1,440029.53,-3894397.0,1,440038.7,-3894394.8,1,440051.88,-3894392.5,1,440068.78,-3894391.0,1,440102.56,-3894390.5,1,440121.6,-3894392.8,1,440139.28,-3894399.0,1,440163.2,-3894407.2,1,440183.44,-3894417.8,1,440207.0,-3894425.8,1,440223.88,-3894435.5,1,440252.6,-3894440.5,1,440277.9,-3894442.5,1,440304.38,-3894441.0,1,440329.7,-3894444.2,1,440421.06,-3894443.2
11_2_ç™ä›ê¸_ìåì˙ñ{ó∑ãqìSìπ,0,486931.47,-3910448.0,1,486900.75,-3910436.2,1,486815.97,-3910405.8
12_4_ãvó¢ïlê¸_ãûïlã}çsìdìS,0,490121.06,-3888195.0,1,490144.3,-3888224.8,1,490168.75,-3888260.2,1,490187.72,-3888283.2,1,490211.3,-3888308.8
12_3_1çÜê¸_â°ïlés,0,483504.3,-3913066.2,1,483386.97,-3913099.2
11_2_íﬂå©ê¸_ìåì˙ñ{ó∑ãqìSìπ,0,496275.38,-3922265.2,1,496344.78,-3922301.0
12_4_ç]Émìáê¸_è¨ìcã}ìdìS,0,475848.72,-3905206.2,1,475957.88,-3905344.0,1,476055.44,-3905466.0,1,476194.7,-3905639.8,1,476290.88,-3905760.5,1,476314.4,-3905787.5,1,476356.16,-3905835.2,1,476411.0,-3905889.5,1,476435.22,-3905910.5,1,476461.44,-3905931.0,1,476482.38,-3905944.5,1,476507.4,-3905958.2
11_2_ëäñÕê¸_ìåì˙ñ{ó∑ãqìSìπ,0,469682.38,-3906093.8,1,469635.12,-3906200.0
12_4_è¨ìcå¥ê¸_è¨ìcã}ìdìS,0,457905.4,-3910760.0,1,457844.72,-3910719.5,1,457800.4,-3910688.2,1,457792.12,-3910679.8
12_4_ìcâÄìsésê¸_ìåãûã}çsìdìS,0,474293.66,-3924998.0,1,474324.4,-3925006.8,1,474446.94,-3925040.8
12_3_1çÜê¸_â°ïlés,0,479054.6,-3914050.0,1,478918.78,-3914124.8,1,478715.66,-3914230.5,1,478609.84,-3914296.5,1,478487.53,-3914357.5,1,478432.47,-3914379.0,1,478388.9,-3914389.2,1,478340.06,-3914395.8,1,478291.34,-3914398.2,1,478261.2,-3914397.2,1,478210.22,-3914388.5
12_4_ìcâÄìsésê¸_ìåãûã}çsìdìS,0,487659.66,-3934128.0,1,487701.66,-3934173.8,1,487734.78,-3934215.8,1,487755.84,-3934243.0
12_4_ìcâÄìsésê¸_ìåãûã}çsìdìS,0,478578.94,-3927856.8,1,478553.5,-3927832.0,1,478527.25,-3927803.0,1,478486.53,-3927757.0
14_4_ç]ÇÃìáê¸_è√ìÏÉÇÉmÉåÅ[Éã,0,477313.44,-3903310.0,1,477265.06,-3903276.5
11_2_ìåäCìπê¸_ìåì˙ñ{ó∑ãqìSìπ,0,498177.88,-3934962.2,1,498046.1,-3934597.0,1,498022.78,-3934544.5,1,497939.53,-3934438.5,1,497865.84,-3934363.8,1,497864.94,-3934363.0,1,497784.75,-3934300.5,1,497720.8,-3934266.8,1,497627.4,-3934230.2,1,497304.5,-3934118.8,1,497030.72,-3934026.2,1,496985.88,-3933993.8,1,496961.94,-3933985.5,1,496929.7,-3933974.2,1,496909.7,-3933967.5,1,496818.53,-3933936.8,1,496801.5,-3933931.5,1,496771.16,-3933920.5,1,496713.53,-3933901.0,1,496692.3,-3933895.2,1,496590.3,-3933859.8,1,496563.94,-3933850.8,1,496475.78,-3933821.0,1,496448.78,-3933812.0,1,496385.44,-3933790.5,1,496349.75,-3933778.5,1,496324.94,-3933770.2,1,496292.6,-3933759.2,1,496233.97,-3933739.5,1,496091.53,-3933691.5,1,496056.28,-3933679.5,1,496042.06,-3933674.8,1,496023.03,-3933668.2,1,496009.0,-3933663.5,1,495950.1,-3933643.8,1,495934.6,-3933638.5,1,495916.66,-3933632.5,1,495897.72,-3933626.0,1,495665.03,-3933545.0,1,495640.66,-3933535.5,1,495605.78,-3933523.2,1,495591.56,-3933518.0,1,495518.16,-3933489.8,1,495499.84,-3933483.2,1,495475.94,-3933474.5,1,495462.06,-3933469.5,1,495385.7,-3933442.2,1,495371.47,-3933437.0,1,495334.4,-3933423.8,1,495271.5,-3933397.8,1,495241.44,-3933386.8,1,495199.47,-3933372.0,1,495059.03,-3933323.2,1,494733.16,-3933209.0,1,494686.88,-3933193.0,1,494668.66,-3933186.8,1,494476.34,-3933120.2,1,494216.2,-3933028.8,1,494043.28,-3932956.5,1,493964.62,-3932923.5,1,493954.28,-3932919.2,1,493593.5,-3932766.5,1,493553.06,-3932749.5,1,493396.47,-3932679.2,1,493366.9,-3932665.2,1,493314.72,-3932641.8,1,493294.12,-3932632.5,1,493198.34,-3932588.0,1,493177.22,-3932575.8,1,493168.97,-3932570.8,1,493150.84,-3932560.0,1,493117.28,-3932534.0,1,493095.97,-3932514.8,1,493071.6,-3932488.8,1,493049.8,-3932466.5,1,493034.97,-3932449.8,1,493018.0,-3932427.8,1,493005.66,-3932405.0,1,492989.78,-3932374.2,1,492983.88,-3932360.5,1,492976.78,-3932345.0,1,492969.16,-3932327.8,1,492957.47,-3932298.2,1,492955.0,-3932290.5,1,492948.66,-3932273.2,1,492944.47,-3932256.8,1,492938.66,-3932227.5,1,492933.38,-3932196.8,1,492931.0,-3932172.5,1,492928.62,-3932141.8,1,492927.7,-3932122.0,1,492929.12,-3932092.5,1,492932.62,-3932062.8,1,492935.5,-3932039.0,1,492943.72,-3932001.2,1,492951.3,-3931971.0,1,492961.25,-3931929.8,1,492974.16,-3931887.5,1,492989.97,-3931831.2,1,493022.78,-3931709.0,1,493051.22,-3931595.5,1,493086.03,-3931466.8,1,493136.34,-3931287.5,1,493200.25,-3931066.0,1,493257.62,-3930862.5,1,493312.4,-3930660.0,1,493317.38,-3930642.0,1,493318.47,-3930638.5,1,493366.56,-3930481.8,1,493399.38,-3930367.5,1,493430.38,-3930259.5,1,493483.72,-3930082.2,1,493536.5,-3929903.0,1,493577.47,-3929775.8,1,493612.75,-3929686.0
11_2_â°ê{âÍê¸_ìåì˙ñ{ó∑ãqìSìπ,0,483519.72,-3902827.8,1,483571.78,-3902807.8,1,483604.84,-3902791.0,1,483655.16,-3902762.5,1,483676.6,-3902749.0,1,483710.28,-3902728.8,1,483743.4,-3902707.0,1,483794.34,-3902674.2,1,483824.06,-3902655.8,1,483838.75,-3902646.0,1,483878.9,-3902620.0,1,483953.34,-3902572.0,1,484006.47,-3902539.2,1,484051.88,-3902509.8,1,484078.84,-3902492.8,1,484097.47,-3902483.8,1,484122.25,-3902467.8,1,484167.03,-3902446.5,1,484207.9,-3902426.2
12_4_ìåâ°ê¸_ìåãûã}çsìdìS,0,489865.6,-3921953.8,1,489846.1,-3922019.5
12_4_è¨ìcå¥ê¸_è¨ìcã}ìdìS,0,453122.53,-3909633.2,1,452967.34,-3909753.0,1,452922.8,-3909780.0,1,452854.06,-3909804.8,1,452811.25,-3909816.5,1,452776.6,-3909820.8,1,452686.0,-3909819.5,1,452353.1,-3909808.5,1,452229.25,-3909805.0,1,452043.8,-3909800.0,1,452000.47,-3909798.0,1,451910.2,-3909784.8,1,451820.28,-3909769.8,1,451314.5,-3909676.0,1,451234.94,-3909661.5,1,451195.9,-3909654.5,1,451029.4,-3909624.2,1,450850.9,-3909590.8,1,450791.44,-3909582.2,1,450732.66,-3909581.0,1,450664.0,-3909586.0,1,450615.2,-3909595.2,1,450560.84,-3909610.2,1,450537.8,-3909617.8,1,450452.97,-3909651.8,1,450114.7,-3909787.0,1,449932.03,-3909860.2,1,449889.1,-3909878.0,1,449603.66,-3909992.2,1,449547.53,-3910011.8,1,449517.6,-3910020.0
11_2_íﬂå©ê¸_ìåì˙ñ{ó∑ãqìSìπ,0,495834.1,-3923519.8,1,495892.88,-3923513.8
12_4_ñ{ê¸_ãûïlã}çsìdìS,0,488561.53,-3911031.8,1,488597.47,-3910950.5
12_4_ñ{ê¸_ëäñÕìSìπ,0,481111.56,-3919856.5,1,481168.84,-3919911.8,1,481228.75,-3919964.5,1,481339.1,-3920065.0,1,481412.53,-3920129.5,1,481484.72,-3920188.2,1,481538.94,-3920225.5,1,481643.06,-3920292.8,1,481745.56,-3920363.2,1,481793.44,-3920395.2,1,481862.3,-3920446.2,1,481903.66,-3920480.2,1,481960.94,-3920532.8,1,482151.94,-3920725.2,1,482166.84,-3920743.5,1,482189.1,-3920761.8,1,482282.75,-3920859.0,1,482376.1,-3920950.0,1,482425.88,-3920987.5,1,482475.84,-3921016.8,1,482501.1,-3921028.5,1,482525.97,-3921040.2,1,482586.34,-3921061.0
12_4_ç]Émìáê¸_è¨ìcã}ìdìS,0,475429.9,-3910962.0,1,475464.34,-3910845.2,1,475466.7,-3910837.5,1,475516.5,-3910652.8,1,475556.4,-3910488.8,1,475590.12,-3910372.5,1,475597.75,-3910332.2,1,475605.38,-3910258.8,1,475609.06,-3910181.5,1,475611.66,-3910000.5,1,475612.38,-3909866.0,1,475613.12,-3909710.5,1,475611.9,-3909258.2,1,475615.38,-3909096.2,1,475629.47,-3908870.0,1,475631.75,-3908841.8,1,475642.2,-3908698.5
11_2_íﬂå©ê¸_ìåì˙ñ{ó∑ãqìSìπ,0,494058.34,-3924726.2,1,494050.6,-3924664.5
11_2_ìÏïêê¸_ìåì˙ñ{ó∑ãqìSìπ,0,486638.38,-3935948.0,1,486502.12,-3936044.0
11_2_ìåäCìπê¸_ìåì˙ñ{ó∑ãqìSìπ,0,461216.16,-3903160.8,1,461374.22,-3903286.0,1,461497.0,-3903381.5,1,461576.25,-3903442.5,1,461652.06,-3903502.0,1,461758.66,-3903585.2,1,461845.3,-3903652.8,1,461925.03,-3903713.5,1,461966.53,-3903745.2,1,462070.16,-3903832.2,1,462175.97,-3903918.2,1,462240.44,-3903970.8,1,462303.28,-3904021.8,1,462321.7,-3904033.8,1,462383.03,-3904068.8,1,462575.88,-3904168.2,1,462617.78,-3904189.8,1,462686.53,-3904224.2,1,462815.7,-3904288.8,1,462973.38,-3904367.5,1,462987.4,-3904374.5,1,463031.84,-3904396.8,1,463091.6,-3904426.2,1,463287.78,-3904525.0,1,463388.34,-3904575.8,1,463447.34,-3904605.2,1,463484.88,-3904620.0,1,463573.7,-3904647.5
12_4_è¨ìcå¥ê¸_è¨ìcã}ìdìS,0,468281.2,-3918737.2,1,468231.0,-3918686.8,1,468224.28,-3918680.0,1,468124.9,-3918580.2
12_4_ãvó¢ïlê¸_ãûïlã}çsìdìS,0,494996.72,-3897678.0,1,495121.56,-3897598.5
11_2_ìåäCìπê¸_ìåì˙ñ{ó∑ãqìSìπ,0,492173.1,-3922420.2,1,492234.0,-3922461.0,1,492280.66,-3922492.5,1,492336.9,-3922530.8,1,492464.78,-3922612.2,1,492490.38,-3922629.2,1,492607.8,-3922706.8,1,492661.1,-3922745.2,1,492708.03,-3922785.8,1,492722.56,-3922798.2
12_4_ëΩñÄê¸_è¨ìcã}ìdìS,0,474903.78,-3937014.8,1,474939.62,-3936974.8,1,475001.9,-3936904.2,1,475040.44,-3936860.8
11_2_íÜâõê¸_ìåì˙ñ{ó∑ãqìSìπ,0,450213.62,-3936897.2,1,450272.25,-3936921.0,1,450352.94,-3936966.0,1,450409.97,-3937009.8,1,450435.12,-3937036.5,1,450503.97,-3937107.2,1,450574.25,-3937172.5,1,450593.2,-3937191.2,1,450640.12,-3937224.0,1,450680.75,-3937251.0,1,450720.56,-3937276.2,1,450752.75,-3937299.0,1,450778.75,-3937318.2
12_4_ëΩñÄê¸_è¨ìcã}ìdìS,0,474903.78,-3937014.8,1,474939.62,-3936974.8,1,475001.9,-3936904.2,1,475040.44,-3936860.8
12_3_3çÜê¸_â°ïlés,0,488350.44,-3925912.5,1,488364.16,-3925657.0,1,488369.47,-3925569.2
12_3_3çÜê¸_â°ïlés,0,485247.7,-3929789.8,1,485272.28,-3929855.0,1,485287.28,-3929892.8,1,485292.88,-3929921.2,1,485293.3,-3929964.2,1,485294.28,-3930014.5,1,485292.1,-3930058.8,1,485280.22,-3930109.0,1,485263.1,-3930163.5,1,485240.25,-3930212.0,1,485215.75,-3930249.0,1,485187.25,-3930281.8,1,485168.25,-3930297.8,1,485140.53,-3930316.5,1,485111.75,-3930334.2,1,485078.06,-3930352.8,1,485052.34,-3930364.8,1,484967.78,-3930404.5,1,484948.22,-3930416.2,1,484895.9,-3930448.2,1,484847.1,-3930476.5,1,484802.56,-3930506.0,1,484758.84,-3930534.2,1,484683.2,-3930601.2,1,484608.44,-3930664.5,1,484493.06,-3930763.8
12_5_Ç›Ç»Ç∆Ç›ÇÁÇ¢ê¸_â°ïlçÇë¨ìSìπ,0,489651.44,-3919616.0,1,489734.47,-3919608.8,1,489782.53,-3919591.8,1,489826.97,-3919569.0,1,489862.4,-3919537.8,1,490061.7,-3919231.0
12_4_ñ{ê¸_ëäñÕìSìπ,0,488042.97,-3918733.2,1,488099.44,-3918770.5,1,488126.44,-3918788.5,1,488155.22,-3918808.2,1,488206.62,-3918843.5,1,488286.28,-3918906.2,1,488361.44,-3918980.2,1,488423.53,-3919062.5,1,488544.22,-3919210.8,1,488638.75,-3919346.8
24_5_ã‡ëÚÉVÅ[ÉTÉCÉhÉâÉCÉì_â°ïlêVìsésåí ,0,490446.8,-3906397.2,1,490390.12,-3906343.8
12_3_3çÜê¸_â°ïlés,0,484885.22,-3928904.5,1,484850.16,-3928821.2,1,484834.34,-3928784.0,1,484830.16,-3928774.0
11_2_ìåäCìπê¸_ìåì˙ñ{ó∑ãqìSìπ,0,481234.62,-3912690.5,1,481237.3,-3912680.2,1,481271.2,-3912553.2,1,481293.97,-3912462.0,1,481308.3,-3912405.0,1,481322.16,-3912336.5,1,481326.22,-3912250.8,1,481327.44,-3912170.5,1,481318.3,-3912062.2,1,481303.47,-3911874.8,1,481300.7,-3911840.2,1,481281.0,-3911589.5,1,481258.97,-3911302.5,1,481235.9,-3911007.5,1,481223.94,-3910881.5,1,481219.47,-3910835.2,1,481206.4,-3910719.5,1,481196.66,-3910659.8,1,481184.8,-3910600.0,1,481171.8,-3910551.8,1,481131.88,-3910434.0,1,481071.7,-3910280.8,1,480992.5,-3910107.8,1,480982.53,-3910086.0,1,480961.47,-3910042.8,1,480946.78,-3910010.5,1,480919.75,-3909950.8,1,480903.97,-3909915.2,1,480877.16,-3909859.0,1,480855.53,-3909813.5,1,480798.5,-3909658.8,1,480774.84,-3909597.8,1,480760.84,-3909547.0,1,480757.47,-3909505.5,1,480761.66,-3909460.0,1,480774.38,-3909373.2,1,480800.78,-3909235.5,1,480822.28,-3909140.5,1,480835.78,-3909080.8,1,480841.06,-3909047.0,1,480841.03,-3909027.5,1,480838.34,-3908998.8,1,480834.72,-3908964.2,1,480818.12,-3908890.2,1,480805.97,-3908853.8,1,480794.62,-3908820.2,1,480784.38,-3908789.0,1,480762.16,-3908721.2,1,480740.66,-3908656.5,1,480728.7,-3908583.5,1,480724.4,-3908534.8,1,480727.44,-3908463.2,1,480742.3,-3908402.2,1,480766.78,-3908338.2,1,480799.8,-3908279.8,1,480868.2,-3908172.5,1,480918.25,-3908090.5,1,480939.6,-3908041.0,1,480952.3,-3907998.0,1,480956.47,-3907949.8,1,480954.3,-3907909.5,1,480946.38,-3907855.5
12_4_ìåâ°ê¸_ìåãûã}çsìdìS,0,491482.1,-3929916.5,1,491420.12,-3929658.2
11_2_ìåäCìπê¸_ìåì˙ñ{ó∑ãqìSìπ,0,481360.2,-3914129.2,1,481383.3,-3914152.5,1,481432.16,-3914201.0,1,481504.2,-3914262.0,1,481543.5,-3914291.2,1,481701.97,-3914412.2,1,481743.06,-3914438.8,1,482020.25,-3914617.5,1,482388.7,-3914852.8,1,482585.94,-3914983.0,1,482700.8,-3915051.2,1,482796.9,-3915117.5,1,482808.8,-3915125.8,1,482866.2,-3915168.8,1,482909.2,-3915203.2,1,482963.4,-3915261.0,1,482997.97,-3915302.0,1,483029.47,-3915346.5,1,483069.53,-3915413.8,1,483089.5,-3915459.2,1,483111.5,-3915521.8,1,483193.22,-3915727.5,1,483233.8,-3915831.0,1,483250.7,-3915917.8,1,483252.97,-3915937.8,1,483254.0,-3915955.0,1,483254.6,-3915972.5,1,483255.12,-3916012.2,1,483255.34,-3916030.2,1,483256.4,-3916116.0,1,483256.34,-3916137.8,1,483256.28,-3916148.8,1,483257.4,-3916268.2,1,483273.6,-3916377.0,1,483304.0,-3916481.5,1,483344.84,-3916570.2,1,483376.88,-3916621.2,1,483487.53,-3916769.8,1,483521.4,-3916821.5,1,483550.16,-3916860.0,1,483655.6,-3917000.2,1,483710.0,-3917064.2,1,483731.1,-3917088.8,1,483759.8,-3917111.5,1,484073.12,-3917310.2,1,484384.84,-3917491.5,1,484436.72,-3917523.2,1,484858.28,-3917780.2,1,484954.47,-3917839.5,1,485055.12,-3917903.8,1,485125.9,-3917940.0,1,485221.97,-3917964.5,1,485320.88,-3917968.2
11_2_ìÏïêê¸_ìåì˙ñ{ó∑ãqìSìπ,0,486502.12,-3936044.0,1,486461.97,-3936074.2,1,486448.22,-3936084.2,1,486438.2,-3936092.5,1,486436.2,-3936094.0,1,486378.28,-3936135.2,1,486313.7,-3936181.0,1,486252.8,-3936224.0,1,486178.53,-3936276.8,1,486098.75,-3936331.2,1,486026.0,-3936379.8,1,485981.47,-3936397.5,1,485935.12,-3936408.8,1,485877.72,-3936416.2,1,485789.7,-3936423.5,1,485695.78,-3936429.2,1,485647.62,-3936437.5,1,485607.34,-3936455.5,1,485407.0,-3936555.2
12_4_ìcâÄìsésê¸_ìåãûã}çsìdìS,0,481904.56,-3929550.2,1,481824.25,-3929450.0
13_4_ëÂéRç|çıê¸_ëÂéRäœåıìdìS,0,454605.38,-3916152.2,1,454567.3,-3916180.2,1,454566.7,-3916180.5
11_2_ëäñÕê¸_ìåì˙ñ{ó∑ãqìSìπ,0,469635.12,-3906200.0,1,469599.12,-3906278.8,1,469564.4,-3906353.5,1,469558.53,-3906367.2,1,469552.88,-3906380.2,1,469542.66,-3906402.2,1,469414.88,-3906684.8,1,469381.75,-3906758.0,1,469259.84,-3907026.5,1,469250.34,-3907047.2,1,469226.56,-3907099.2,1,469142.97,-3907286.8,1,469088.25,-3907412.2,1,469071.78,-3907464.5,1,469053.62,-3907542.2,1,469036.84,-3907635.0,1,469010.03,-3907784.0,1,468978.34,-3907976.5
11_2_íÜâõê¸_ìåì˙ñ{ó∑ãqìSìπ,0,450852.16,-3937406.8,1,450890.56,-3937475.8,1,450950.7,-3937571.2,1,451065.25,-3937771.5,1,451085.94,-3937808.0,1,451109.88,-3937849.2,1,451160.7,-3937935.8,1,451361.53,-3938293.5,1,451383.12,-3938318.5
12_4_ìcâÄìsésê¸_ìåãûã}çsìdìS,0,482805.66,-3930341.0,1,482765.53,-3930263.2
12_4_ç]Émìáê¸_è¨ìcã}ìdìS,0,475646.6,-3908623.2,1,475656.22,-3908484.8,1,475672.2,-3908307.8,1,475679.75,-3908212.8,1,475687.38,-3908078.2,1,475693.62,-3907966.8,1,475703.97,-3907769.8,1,475720.62,-3907544.5,1,475728.0,-3907484.0,1,475734.16,-3907435.5,1,475744.03,-3907391.5,1,475754.47,-3907350.5,1,475768.34,-3907312.8,1,475791.62,-3907250.0,1,475805.44,-3907214.8,1,475818.88,-3907186.5,1,475857.84,-3907106.8
12_4_ñ{ê¸_ãûïlã}çsìdìS,0,487277.1,-3916531.5,1,487157.44,-3916500.0
12_4_êÄéqê¸_ãûïlã}çsìdìS,0,488228.56,-3904248.5,1,488293.97,-3904284.0,1,488315.53,-3904295.8,1,488341.34,-3904309.8,1,488410.12,-3904351.2,1,488492.16,-3904398.2,1,488538.47,-3904425.0,1,488611.03,-3904467.0,1,488636.97,-3904483.5,1,488709.2,-3904526.8,1,488742.22,-3904545.5,1,488777.3,-3904566.8,1,488801.4,-3904582.0,1,488827.0,-3904604.0,1,488844.62,-3904618.2,1,488860.0,-3904633.2,1,488870.3,-3904644.0,1,488881.3,-3904656.2,1,488891.6,-3904669.8,1,488911.34,-3904694.5,1,488925.2,-3904713.2,1,488934.75,-3904725.5,1,488950.16,-3904754.8
14_4_ç]ÇÃìáê¸_è√ìÏÉÇÉmÉåÅ[Éã,0,480710.22,-3906713.0,1,480515.53,-3906468.0,1,480450.53,-3906385.2,1,480415.94,-3906343.2,1,480365.0,-3906290.8,1,480318.03,-3906247.5,1,480293.44,-3906226.0,1,480276.7,-3906204.2,1,480230.72,-3906132.5,1,480194.88,-3906075.5,1,480163.5,-3906028.0,1,480147.8,-3905999.5,1,480138.88,-3905976.8,1,480134.34,-3905949.5
12_3_1çÜê¸_â°ïlés,0,486803.9,-3913863.2,1,486797.5,-3913716.0
11_2_ëäñÕê¸_ìåì˙ñ{ó∑ãqìSìπ,0,464186.66,-3934317.8,1,464269.97,-3934265.8,1,464545.3,-3934087.8,1,464598.97,-3934053.0,1,464642.1,-3934025.0
12_4_ëÂétê¸_ãûïlã}çsìdìS,0,499397.94,-3927860.5,1,499327.88,-3927860.5
12_4_Ç¢Ç∏Ç›ñÏê¸_ëäñÕìSìπ,0,480963.9,-3919722.2,1,481111.56,-3919856.5
12_3_3çÜê¸_â°ïlés,0,482981.16,-3931353.8,1,483092.2,-3931332.5
12_4_ëÂétê¸_ãûïlã}çsìdìS,0,498645.62,-3927778.2,1,498570.2,-3927760.5
12_3_1çÜê¸_â°ïlés,0,481190.47,-3912895.8,1,481166.56,-3912889.5,1,481132.22,-3912878.5,1,481072.97,-3912859.5,1,481030.34,-3912845.8,1,480977.38,-3912832.0,1,480921.25,-3912825.8,1,480872.4,-3912820.8,1,480843.34,-3912823.5,1,480782.7,-3912831.5,1,480675.78,-3912853.2,1,480654.9,-3912859.2,1,480502.34,-3912902.8,1,480450.47,-3912924.5,1,480410.03,-3912956.0,1,480378.97,-3912991.5,1,480342.75,-3913034.5,1,480318.9,-3913054.8,1,480169.9,-3913140.5,1,479955.16,-3913261.0,1,479879.44,-3913307.8,1,479847.34,-3913330.8,1,479805.84,-3913368.5
12_4_è¨ìcå¥ê¸_è¨ìcã}ìdìS,0,468124.9,-3918580.2,1,468085.47,-3918542.8,1,468028.38,-3918485.8,1,468005.5,-3918462.8,1,467901.7,-3918357.5,1,467831.28,-3918287.0,1,467784.47,-3918240.8,1,467768.25,-3918223.8,1,467746.47,-3918199.8,1,467700.22,-3918157.2,1,467686.0,-3918142.2,1,467620.5,-3918074.5,1,467567.3,-3918023.5,1,467454.62,-3917907.5,1,467402.34,-3917856.8,1,467349.44,-3917805.8,1,467302.34,-3917759.8,1,467291.3,-3917749.2,1,467263.38,-3917723.0,1,467233.3,-3917696.8,1,467194.1,-3917668.2,1,467148.25,-3917637.2,1,467128.16,-3917627.5,1,467122.6,-3917624.8,1,467111.3,-3917619.5,1,467096.78,-3917612.8,1,467088.06,-3917608.5,1,467080.5,-3917605.2,1,467074.7,-3917602.5,1,467071.6,-3917601.5,1,467064.4,-3917599.0,1,467049.97,-3917593.5
12_3_1çÜê¸_â°ïlés,0,487325.94,-3915240.5,1,487314.53,-3915200.2,1,487276.44,-3915111.2,1,487232.3,-3915025.2,1,487205.8,-3914975.5,1,487183.97,-3914929.2,1,487138.06,-3914837.0,1,487033.8,-3914619.0,1,487027.34,-3914601.8,1,486965.0,-3914433.5,1,486926.34,-3914335.0,1,486911.75,-3914278.2,1,486914.75,-3914234.0,1,486913.7,-3914177.2,1,486907.34,-3914136.8,1,486889.7,-3914102.8,1,486863.47,-3914058.8,1,486826.0,-3913999.5,1,486809.3,-3913965.5,1,486807.22,-3913947.8,1,486803.9,-3913863.2
12_4_ìåâ°ê¸_ìåãûã}çsìdìS,0,489480.38,-3921049.2,1,489476.16,-3921029.8,1,489472.4,-3920979.2,1,489474.6,-3920923.5,1,489479.1,-3920879.5
12_4_ìSìπê¸_î†ç™ìoéRìSìπ,0,445796.5,-3895800.2,1,445870.1,-3895781.8,1,445901.1,-3895774.5,1,445947.84,-3895774.2,1,445974.38,-3895781.2,1,445997.1,-3895792.0,1,446018.56,-3895805.2,1,446040.6,-3895825.5,1,446059.5,-3895853.8,1,446076.53,-3895884.2,1,446096.7,-3895922.0,1,446124.2,-3895973.0,1,446147.0,-3896013.5,1,446169.1,-3896055.0,1,446217.94,-3896147.0,1,446349.5,-3896402.8,1,446424.03,-3896532.8,1,446443.6,-3896563.2,1,446465.94,-3896614.2,1,446500.75,-3896704.5,1,446531.16,-3896751.8,1,446598.5,-3896863.5,1,446651.6,-3896963.8
11_2_å‰ìaèÍê¸_ìåäCó∑ãqìSìπ,0,436117.6,-3909335.8,1,436143.4,-3909257.8,1,436143.84,-3909256.5
12_4_ñ{ê¸_ãûïlã}çsìdìS,0,490300.66,-3921298.8,1,490388.94,-3921381.2
12_4_è¨ìcå¥ê¸_è¨ìcã}ìdìS,0,446439.72,-3900174.8,1,446579.28,-3900016.0,1,446637.8,-3899946.0,1,446665.56,-3899903.0,1,446685.0,-3899854.8,1,446695.22,-3899810.0,1,446702.38,-3899747.5,1,446698.97,-3899676.2,1,446687.06,-3899569.5,1,446663.8,-3899360.8,1,446652.38,-3899273.8,1,446647.34,-3899236.2,1,446642.0,-3899194.0,1,446638.53,-3899165.8,1,446634.03,-3899124.5,1,446618.9,-3898998.0,1,446617.78,-3898868.8,1,446619.06,-3898840.0,1,446622.38,-3898785.5
12_4_ìcâÄìsésê¸_ìåãûã}çsìdìS,0,478578.94,-3927856.8,1,478553.5,-3927832.0,1,478527.25,-3927803.0,1,478486.53,-3927757.0
12_4_êÄéqê¸_ãûïlã}çsìdìS,0,488164.16,-3904210.5,1,488228.56,-3904248.5
11_2_â°ê{âÍê¸_ìåì˙ñ{ó∑ãqìSìπ,0,482189.1,-3905839.8,1,482044.22,-3906001.5
24_5_ã‡ëÚÉVÅ[ÉTÉCÉhÉâÉCÉì_â°ïlêVìsésåí ,0,489991.34,-3905077.5,1,490050.28,-3905115.8
12_4_ìcâÄìsésê¸_ìåãûã}çsìdìS,0,481824.25,-3929450.0,1,481756.2,-3929365.2,1,481705.94,-3929303.5,1,481683.03,-3929275.5,1,481662.88,-3929250.8,1,481632.7,-3929211.2,1,481593.34,-3929160.5,1,481514.38,-3929063.5,1,481458.2,-3928991.8,1,481413.34,-3928953.8,1,481328.66,-3928890.5,1,481307.7,-3928881.2,1,481287.9,-3928872.8,1,481172.4,-3928826.5,1,481132.88,-3928810.8,1,481084.7,-3928791.2,1,480894.38,-3928719.5,1,480848.38,-3928704.0,1,480781.5,-3928676.5,1,480734.72,-3928660.2,1,480707.03,-3928652.8,1,480675.94,-3928644.8,1,480664.7,-3928641.8
12_5_Ç›Ç»Ç∆Ç›ÇÁÇ¢ê¸_â°ïlçÇë¨ìSìπ,0,491687.6,-3917515.2,1,491864.0,-3917370.5
12_4_è¨ìcå¥ê¸_è¨ìcã}ìdìS,0,444949.5,-3904841.0,1,444974.97,-3904771.5
12_4_ç]ÉmìáìdìSê¸_ç]ÉmìáìdìS,0,481815.4,-3903143.8,1,481784.66,-3903137.8,1,481694.25,-3903111.2,1,481610.03,-3903086.2,1,481594.2,-3903077.0,1,481565.78,-3903054.5,1,481525.03,-3903036.2,1,481480.2,-3903022.0,1,481446.34,-3903010.2,1,481405.6,-3902996.0,1,481381.12,-3902988.5
11_2_íﬂå©ê¸_ìåì˙ñ{ó∑ãqìSìπ,0,497436.8,-3924870.2,1,497517.8,-3924897.2
12_4_ìcâÄìsésê¸_ìåãûã}çsìdìS,0,474446.94,-3925040.8,1,474489.6,-3925050.8,1,474524.53,-3925059.0,1,474565.53,-3925063.0,1,474646.25,-3925068.8,1,474730.34,-3925076.0,1,474914.8,-3925088.0,1,475048.06,-3925096.8,1,475223.56,-3925107.2,1,475337.75,-3925114.5
12_4_Ç¢Ç∏Ç›ñÏê¸_ëäñÕìSìπ,0,478764.06,-3916116.2,1,478827.84,-3916134.0,1,478977.0,-3916178.0,1,479128.03,-3916220.8,1,479284.94,-3916272.8,1,479294.2,-3916277.0,1,479358.25,-3916303.0,1,479409.88,-3916331.5,1,479497.22,-3916387.2,1,479557.78,-3916432.8,1,479686.38,-3916537.8,1,479780.88,-3916628.8,1,479927.4,-3916838.8,1,480047.9,-3917074.5
12_4_ç]Émìáê¸_è¨ìcã}ìdìS,0,475857.84,-3907106.8,1,475890.34,-3907034.0
12_4_è¨ìcå¥ê¸_è¨ìcã}ìdìS,0,457297.72,-3909898.5,1,457240.6,-3909842.5
12_4_Ç¢Ç∏Ç›ñÏê¸_ëäñÕìSìπ,0,475089.88,-3912405.8,1,475156.38,-3912422.5,1,475349.78,-3912473.8,1,475402.94,-3912486.5,1,475722.28,-3912549.5
12_4_ëäñÕå¥ê¸_ãûâ§ìdìS,0,475736.0,-3937032.5,1,475540.16,-3937052.0
12_4_ìSìπê¸_î†ç™ìoéRìSìπ,0,439389.44,-3894834.5,1,439378.03,-3894856.0,1,439372.75,-3894871.2,1,439367.78,-3894891.8,1,439367.34,-3894907.0,1,439368.22,-3894916.2,1,439369.94,-3894927.0,1,439372.9,-3894935.8,1,439377.8,-3894949.0,1,439387.16,-3894970.0,1,439394.56,-3894989.5,1,439401.16,-3895006.2,1,439406.62,-3895021.0,1,439409.66,-3895038.8,1,439408.5,-3895058.0,1,439405.9,-3895077.8,1,439404.3,-3895086.8
12_4_ç]ÉmìáìdìSê¸_ç]ÉmìáìdìS,0,476886.44,-3905805.5,1,476878.3,-3905790.8,1,476875.03,-3905786.2,1,476850.22,-3905751.0,1,476838.53,-3905730.8,1,476831.75,-3905713.0,1,476821.2,-3905663.2,1,476788.88,-3905505.5,1,476788.12,-3905501.8,1,476761.22,-3905361.2
12_4_ç]Émìáê¸_è¨ìcã}ìdìS,0,473042.28,-3924810.8,1,473036.25,-3924940.5,1,473030.03,-3925016.8,1,473025.16,-3925054.2,1,473018.72,-3925086.8,1,473008.12,-3925122.2,1,472994.66,-3925164.2,1,472957.9,-3925248.5,1,472916.3,-3925343.8,1,472815.2,-3925572.2,1,472731.34,-3925759.8,1,472628.06,-3925999.5
11_2_â°ê{âÍê¸_ìåì˙ñ{ó∑ãqìSìπ,0,492237.44,-3899941.0,1,492268.8,-3899927.8,1,492301.8,-3899908.2,1,492334.97,-3899888.2,1,492360.06,-3899865.0,1,492388.94,-3899837.2,1,492399.22,-3899822.5,1,492406.84,-3899792.0,1,492410.34,-3899769.2,1,492411.1,-3899765.2,1,492410.62,-3899746.8,1,492410.12,-3899715.2,1,492408.0,-3899682.2,1,492400.78,-3899635.2,1,492378.12,-3899499.5,1,492359.34,-3899330.0,1,492334.97,-3899121.5,1,492317.4,-3899027.0,1,492304.34,-3898960.5,1,492295.3,-3898914.5,1,492287.25,-3898852.5,1,492277.2,-3898782.8,1,492273.16,-3898755.2,1,492247.53,-3898565.2,1,492214.38,-3898378.5,1,492192.3,-3898231.8,1,492177.84,-3898117.5,1,492162.66,-3898012.5,1,492158.8,-3897971.2,1,492149.56,-3897911.2,1,492133.38,-3897796.5,1,492129.88,-3897763.0,1,492125.38,-3897708.2,1,492119.12,-3897639.8,1,492119.47,-3897608.8,1,492123.25,-3897573.8,1,492126.6,-3897543.5,1,492128.94,-3897523.8,1,492134.2,-3897497.8,1,492142.0,-3897463.5,1,492151.84,-3897412.2,1,492155.4,-3897401.0,1,492165.2,-3897371.5,1,492175.72,-3897343.2,1,492183.62,-3897323.2,1,492195.4,-3897298.2,1,492232.22,-3897241.5,1,492243.28,-3897226.2,1,492255.94,-3897211.5,1,492275.56,-3897190.0,1,492299.72,-3897165.5,1,492318.9,-3897150.2,1,492342.1,-3897132.0,1,492365.72,-3897113.5,1,492376.9,-3897106.5,1,492394.47,-3897094.5,1,492445.8,-3897069.5,1,492463.66,-3897061.0,1,492471.66,-3897057.2,1,492575.6,-3897015.8
12_4_ëÂétê¸_ãûïlã}çsìdìS,0,498570.2,-3927760.5,1,498452.88,-3927749.2,1,498162.88,-3927729.0
11_2_â°ê{âÍê¸_ìåì˙ñ{ó∑ãqìSìπ,0,480908.3,-3907609.8,1,480924.9,-3907716.2,1,480946.38,-3907855.5
11_2_ìÏïêê¸_ìåì˙ñ{ó∑ãqìSìπ,0,482714.12,-3938217.8,1,482713.06,-3938218.0,1,482607.34,-3938246.5,1,482399.22,-3938306.0,1,482272.44,-3938343.5,1,482073.25,-3938394.8,1,482010.97,-3938412.8,1,481976.94,-3938422.5,1,481941.75,-3938432.0,1,481774.5,-3938478.2,1,481631.8,-3938517.2,1,481474.06,-3938559.5
12_4_ëÂétê¸_ãûïlã}çsìdìS,0,497348.06,-3927695.5,1,497244.2,-3927718.8,1,497216.2,-3927724.5,1,497188.72,-3927733.8,1,497143.5,-3927760.8,1,497121.9,-3927771.2,1,497085.75,-3927770.8,1,497034.53,-3927772.5,1,496959.75,-3927765.2,1,496896.72,-3927753.5,1,496846.03,-3927738.2,1,496754.38,-3927701.8,1,496697.0,-3927673.8,1,496514.75,-3927583.2,1,496397.22,-3927515.0,1,496370.75,-3927505.8
11_2_â°ïlê¸_ìåì˙ñ{ó∑ãqìSìπ,0,466501.06,-3932828.5,1,466426.7,-3932877.5,1,466391.78,-3932897.5,1,466324.28,-3932940.8
12_4_è¨ìcå¥ê¸_è¨ìcã}ìdìS,0,465709.7,-3917090.5,1,465860.0,-3917233.2
12_4_ç]Émìáê¸_è¨ìcã}ìdìS,0,475848.72,-3905206.2,1,475789.8,-3905138.2
12_4_ñ{ê¸_ãûïlã}çsìdìS,0,494170.75,-3924485.5,1,494135.06,-3924422.5,1,494008.75,-3924178.0,1,494003.03,-3924168.2,1,493979.16,-3924127.0,1,493940.47,-3924056.2,1,493919.5,-3924020.2,1,493904.78,-3923997.0,1,493879.72,-3923957.8,1,493862.47,-3923937.2,1,493819.28,-3923887.2
12_4_ñ{ê¸_ëäñÕìSìπ,0,483936.0,-3921404.0,1,484091.75,-3921405.2
12_4_ìåâ°ê¸_ìåãûã}çsìdìS,0,490367.8,-3927929.8,1,490312.16,-3927850.5
11_2_å‰ìaèÍê¸_ìåäCó∑ãqìSìπ,0,451924.84,-3899739.2,1,451942.7,-3899744.0
11_2_ìåäCìπê¸_ìåì˙ñ{ó∑ãqìSìπ,0,446649.72,-3896878.0,1,446659.6,-3896899.5,1,446800.6,-3897133.0,1,446811.25,-3897149.5
12_4_è¨ìcå¥ê¸_è¨ìcã}ìdìS,0,445244.62,-3906774.8,1,445366.4,-3906837.8
11_2_ìÏïêê¸_ìåì˙ñ{ó∑ãqìSìπ,0,493618.38,-3930557.8,1,493646.56,-3930466.5
12_4_ìSìπê¸_î†ç™ìoéRìSìπ,0,446747.6,-3897121.2,1,446651.6,-3896963.8
12_4_ìcâÄìsésê¸_ìåãûã}çsìdìS,0,487659.66,-3934128.0,1,487701.66,-3934173.8,1,487734.78,-3934215.8,1,487755.84,-3934243.0
12_4_è¨ìcå¥ê¸_è¨ìcã}ìdìS,0,446628.75,-3898709.0,1,446653.53,-3898454.2,1,446659.9,-3898381.8,1,446662.8,-3898352.0,1,446692.53,-3898009.8,1,446704.22,-3897890.5,1,446705.78,-3897862.8,1,446716.97,-3897785.8,1,446723.56,-3897735.0,1,446730.56,-3897699.8,1,446734.88,-3897678.2,1,446808.47,-3897430.5,1,446818.44,-3897396.2,1,446823.2,-3897366.0,1,446836.06,-3897315.0,1,446841.16,-3897280.8,1,446837.22,-3897246.5,1,446829.75,-3897228.2,1,446825.3,-3897217.8,1,446817.6,-3897205.8,1,446812.38,-3897197.8,1,446790.78,-3897176.8,1,446768.78,-3897150.8,1,446747.6,-3897121.2
12_4_ç]Émìáê¸_è¨ìcã}ìdìS,0,472628.06,-3925999.5,1,472587.1,-3926090.0,1,472570.6,-3926126.5,1,472564.03,-3926141.0
12_4_ìcâÄìsésê¸_ìåãûã}çsìdìS,0,473210.8,-3924727.2,1,473367.94,-3924743.5,1,473507.53,-3924761.2,1,473559.1,-3924773.5,1,473685.88,-3924810.8,1,473776.38,-3924838.0,1,473819.4,-3924851.8,1,473933.03,-3924886.5,1,474111.94,-3924939.2,1,474130.72,-3924944.8,1,474224.47,-3924972.5,1,474293.66,-3924998.0
11_2_íÜâõê¸_ìåì˙ñ{ó∑ãqìSìπ,0,450778.75,-3937318.2,1,450783.12,-3937323.8,1,450852.16,-3937406.8
12_5_Ç›Ç»Ç∆Ç›ÇÁÇ¢ê¸_â°ïlçÇë¨ìSìπ,0,491137.6,-3917877.8,1,491280.44,-3917778.2,1,491512.3,-3917662.2,1,491687.6,-3917515.2
11_2_â°ïlê¸_ìåì˙ñ{ó∑ãqìSìπ,0,479679.6,-3926716.5,1,479660.7,-3926723.8,1,479628.97,-3926735.8,1,479547.06,-3926766.8
14_4_ç]ÇÃìáê¸_è√ìÏÉÇÉmÉåÅ[Éã,0,480756.16,-3906772.5,1,480710.22,-3906713.0
12_4_è¨ìcå¥ê¸_è¨ìcã}ìdìS,0,453262.38,-3909520.0,1,453275.03,-3909504.0,1,453299.56,-3909472.8,1,453333.72,-3909421.2,1,453411.97,-3909288.2,1,453467.72,-3909192.8,1,453486.28,-3909164.8,1,453516.28,-3909134.2,1,453528.97,-3909122.8,1,453534.75,-3909118.0,1,453552.56,-3909104.5,1,453614.0,-3909071.5,1,453685.94,-3909050.8,1,453795.28,-3909027.5,1,453832.3,-3909019.0,1,453902.47,-3909002.8,1,453947.75,-3908993.0,1,454014.1,-3908981.5,1,454072.06,-3908979.5,1,454189.28,-3908987.2,1,454317.88,-3908994.0,1,454341.12,-3908993.2,1,454388.5,-3908982.0,1,454421.25,-3908971.2,1,454440.9,-3908963.2,1,454525.88,-3908915.8,1,454638.16,-3908855.5,1,454722.78,-3908809.8,1,454779.16,-3908786.2,1,454817.0,-3908776.5,1,454873.84,-3908769.8,1,454902.2,-3908769.2,1,454911.28,-3908769.0,1,454952.34,-3908771.0,1,454975.44,-3908776.0,1,455003.9,-3908783.5,1,455026.03,-3908791.8,1,455041.6,-3908797.0,1,455051.34,-3908800.8,1,455062.34,-3908805.0,1,455072.47,-3908808.8,1,455165.47,-3908840.2,1,455224.72,-3908859.8,1,455284.6,-3908881.2,1,455343.03,-3908902.2,1,455394.53,-3908919.2,1,455439.97,-3908936.2,1,455482.47,-3908952.2,1,455566.94,-3908984.0,1,455593.78,-3908993.8,1,455631.28,-3909008.0,1,455681.97,-3909026.2,1,455708.9,-3909036.8,1,455723.94,-3909041.8,1,455794.66,-3909068.2,1,455898.5,-3909107.0,1,455931.1,-3909119.2,1,455954.84,-3909127.8,1,456061.25,-3909168.2,1,456133.78,-3909195.2,1,456160.1,-3909204.8,1,456191.22,-3909216.8,1,456299.62,-3909260.0,1,456350.3,-3909279.8,1,456384.72,-3909293.2,1,456397.84,-3909299.8,1,456402.3,-3909301.8,1,456417.3,-3909308.0,1,456464.3,-3909333.2,1,456518.16,-3909365.5,1,456560.8,-3909391.2,1,456573.94,-3909400.5,1,456673.53,-3909463.8,1,456740.6,-3909507.0,1,456753.72,-3909514.2,1,456815.78,-3909554.0,1,456858.97,-3909581.0,1,456891.6,-3909602.8,1,456943.0,-3909635.0,1,456979.25,-3909658.5,1,457055.72,-3909707.0,1,457091.4,-3909729.5,1,457157.88,-3909774.5,1,457193.6,-3909802.5,1,457240.6,-3909842.5
11_2_ç™ä›ê¸_ìåì˙ñ{ó∑ãqìSìπ,0,484924.12,-3910008.8,1,484746.38,-3909959.2,1,484628.34,-3909932.5,1,484228.5,-3909836.8,1,484024.66,-3909775.8,1,483786.53,-3909704.2,1,483780.6,-3909699.2,1,483634.88,-3909576.2,1,483581.28,-3909537.2,1,483556.8,-3909521.8,1,483542.53,-3909512.5,1,483520.53,-3909500.5,1,483501.53,-3909490.0,1,483479.34,-3909480.0,1,483459.06,-3909471.0,1,483418.53,-3909455.2,1,483389.0,-3909445.2,1,483299.72,-3909416.2,1,483048.78,-3909346.0,1,482983.9,-3909328.0,1,482974.1,-3909325.5,1,482913.1,-3909308.5,1,482855.2,-3909292.5,1,482790.94,-3909274.5,1,482762.66,-3909265.8,1,482735.94,-3909257.2,1,482726.3,-3909254.5
11_2_ìåäCìπê¸_ìåì˙ñ{ó∑ãqìSìπ,0,494118.3,-3924876.8,1,494156.6,-3925066.5,1,494163.16,-3925100.0,1,494173.16,-3925140.0
12_4_ñ{ê¸_ãûïlã}çsìdìS,0,488350.2,-3916836.2,1,488340.94,-3916834.2,1,488307.34,-3916826.2,1,488216.56,-3916808.5,1,488054.4,-3916772.5,1,488001.84,-3916760.5,1,487971.5,-3916756.8,1,487937.94,-3916752.2,1,487917.22,-3916747.8,1,487893.06,-3916739.0,1,487860.0,-3916726.2,1,487839.5,-3916716.5,1,487803.72,-3916702.2,1,487783.1,-3916692.5,1,487661.03,-3916641.8,1,487578.94,-3916613.8,1,487553.25,-3916605.5,1,487473.7,-3916583.0,1,487453.16,-3916576.5,1,487324.25,-3916544.2,1,487289.1,-3916536.2,1,487277.1,-3916531.5
11_2_íﬂå©ê¸_ìåì˙ñ{ó∑ãqìSìπ,0,496275.38,-3922265.2,1,496344.78,-3922301.0
12_4_è¨ìcå¥ê¸_è¨ìcã}ìdìS,0,484372.2,-3937101.0,1,484429.75,-3937193.8,1,484448.56,-3937224.2,1,484460.25,-3937243.8
12_4_ëΩñÄê¸_è¨ìcã}ìdìS,0,476495.0,-3935501.5,1,476395.0,-3935568.8
12_4_ìåâ°ê¸_ìåãûã}çsìdìS,0,492634.44,-3932289.0,1,492631.16,-3932281.0
12_4_ñ{ê¸_ëäñÕìSìπ,0,472818.78,-3920588.8,1,472915.06,-3920571.0,1,472983.34,-3920557.2,1,473017.25,-3920550.8,1,473117.2,-3920529.0,1,473134.78,-3920525.5,1,473264.34,-3920499.2,1,473357.9,-3920479.5,1,473432.0,-3920464.5,1,473474.72,-3920458.8,1,473544.75,-3920455.5,1,473604.2,-3920458.2,1,473622.97,-3920460.5,1,473678.44,-3920470.5,1,473704.94,-3920475.8,1,473754.25,-3920490.0,1,473768.88,-3920494.2,1,473833.8,-3920518.2,1,473850.53,-3920524.8,1,473863.88,-3920529.0,1,473887.66,-3920536.8,1,473930.88,-3920545.2,1,473966.47,-3920551.2,1,473980.06,-3920552.0,1,474027.88,-3920551.5,1,474077.16,-3920550.5,1,474451.44,-3920533.5
11_2_ìåäCìπê¸_ìåì˙ñ{ó∑ãqìSìπ,0,483222.06,-3915957.2,1,483221.38,-3916027.2,1,483220.53,-3916112.8,1,483220.1,-3916157.2,1,483219.38,-3916222.0
12_4_ìSìπê¸_î†ç™ìoéRìSìπ,0,443593.6,-3895361.2,1,443531.0,-3895320.0
14_4_ç]ÇÃìáê¸_è√ìÏÉÇÉmÉåÅ[Éã,0,477690.1,-3903655.5,1,477662.28,-3903659.8,1,477646.47,-3903660.5,1,477628.47,-3903661.5,1,477601.1,-3903660.0,1,477578.28,-3903652.2,1,477561.16,-3903641.0,1,477546.22,-3903626.8,1,477536.72,-3903613.8,1,477525.47,-3903580.5,1,477515.47,-3903549.2,1,477498.3,-3903490.2,1,477490.1,-3903467.0,1,477476.1,-3903439.8,1,477465.62,-3903425.0,1,477434.2,-3903397.0,1,477318.72,-3903314.0,1,477313.44,-3903310.0
11_2_íﬂå©ê¸_ìåì˙ñ{ó∑ãqìSìπ,0,494070.4,-3923881.0,1,494023.1,-3923925.2
12_4_ìåâ°ê¸_ìåãûã}çsìdìS,0,491420.12,-3929658.2,1,491403.4,-3929607.2,1,491382.12,-3929544.2,1,491303.5,-3929308.0,1,491297.94,-3929292.5,1,491282.3,-3929249.8,1,491272.78,-3929224.8,1,491258.88,-3929197.8,1,491246.62,-3929176.0,1,491144.34,-3929030.8,1,491132.53,-3929012.2,1,491002.47,-3928830.5,1,490943.1,-3928746.8,1,490790.12,-3928530.2,1,490588.4,-3928242.0,1,490425.72,-3928009.5,1,490367.8,-3927929.8
12_4_è¨ìcå¥ê¸_è¨ìcã}ìdìS,0,461227.12,-3912446.2,1,461284.88,-3912482.0,1,461317.56,-3912502.0,1,461350.5,-3912521.2,1,461514.66,-3912619.8,1,461561.1,-3912648.8,1,461581.5,-3912662.2,1,461611.03,-3912687.0,1,461644.84,-3912712.2,1,461655.78,-3912721.5,1,461787.66,-3912830.8,1,461838.4,-3912873.5,1,461915.5,-3912936.8,1,461962.53,-3912975.8,1,462088.47,-3913081.0,1,462206.84,-3913178.2,1,462230.34,-3913197.8,1,462348.72,-3913294.5,1,462428.06,-3913360.5,1,462461.16,-3913388.0,1,462489.7,-3913411.8,1,462525.12,-3913441.0,1,462644.75,-3913539.5,1,462700.53,-3913584.8,1,462711.2,-3913594.0,1,462816.06,-3913681.2,1,462823.72,-3913687.5,1,462830.0,-3913692.5,1,462857.06,-3913714.8,1,462864.62,-3913721.8,1,462958.0,-3913796.8,1,463035.0,-3913861.8,1,463056.34,-3913883.5,1,463072.66,-3913902.0,1,463104.62,-3913944.2,1,463169.4,-3914044.8,1,463174.25,-3914052.8,1,463202.03,-3914098.2,1,463206.4,-3914104.0,1,463219.03,-3914125.8,1,463220.3,-3914126.2,1,463254.84,-3914179.0,1,463279.97,-3914213.2,1,463326.94,-3914266.5,1,463349.56,-3914289.0,1,463384.62,-3914319.8,1,463478.53,-3914391.0,1,463494.2,-3914401.5,1,463573.06,-3914463.0,1,463669.53,-3914543.5,1,463720.94,-3914588.2,1,463780.44,-3914643.2,1,463885.72,-3914747.0,1,463894.2,-3914755.5
11_2_íÜâõê¸_ìåì˙ñ{ó∑ãqìSìπ,0,450852.16,-3937406.8,1,450899.38,-3937463.5,1,450915.34,-3937484.5,1,450980.6,-3937561.5,1,451001.28,-3937582.2,1,451020.3,-3937603.8,1,451025.25,-3937609.5,1,451036.62,-3937622.0,1,451097.16,-3937692.0,1,451135.22,-3937733.5,1,451193.72,-3937800.0,1,451214.72,-3937826.0,1,451261.8,-3937897.8,1,451274.38,-3937922.2,1,451282.34,-3937938.5,1,451295.66,-3937975.2,1,451316.78,-3938041.5,1,451335.06,-3938125.5,1,451354.38,-3938243.0,1,451379.0,-3938311.0,1,451383.12,-3938318.5
11_2_ìÏïêê¸_ìåì˙ñ{ó∑ãqìSìπ,0,493646.56,-3930466.5,1,493738.2,-3930205.2,1,493760.44,-3930138.2,1,493760.8,-3930137.0,1,493839.94,-3929900.8,1,493911.22,-3929702.2,1,493968.94,-3929546.5
11_1_ìåäCìπêVä≤ê¸_ìåäCó∑ãqìSìπ,0,488618.1,-3924477.5,1,488667.75,-3924523.8,1,488732.66,-3924587.0,1,488943.75,-3924790.5
12_4_ãvó¢ïlê¸_ãûïlã}çsìdìS,0,495365.12,-3897018.8,1,495351.2,-3896972.8,1,495323.12,-3896872.5
12_4_ìåâ°ê¸_ìåãûã}çsìdìS,0,491420.12,-3929658.2,1,491403.4,-3929607.2,1,491382.12,-3929544.2,1,491303.5,-3929308.0,1,491297.94,-3929292.5,1,491282.3,-3929249.8,1,491272.78,-3929224.8,1,491258.88,-3929197.8,1,491246.62,-3929176.0,1,491144.34,-3929030.8,1,491132.53,-3929012.2,1,491002.47,-3928830.5,1,490943.1,-3928746.8,1,490790.12,-3928530.2,1,490588.4,-3928242.0,1,490425.72,-3928009.5,1,490367.8,-3927929.8
14_4_ç]ÇÃìáê¸_è√ìÏÉÇÉmÉåÅ[Éã,0,477746.4,-3903648.0,1,477753.88,-3903647.0,1,477770.3,-3903644.0,1,477777.78,-3903643.0,1,477800.3,-3903640.8,1,477827.5,-3903640.8,1,477850.75,-3903644.5,1,477870.78,-3903649.2,1,477890.88,-3903657.8,1,477911.62,-3903669.5,1,477927.75,-3903681.2,1,477949.78,-3903697.8,1,477982.22,-3903723.5,1,478011.72,-3903746.5,1,478039.6,-3903769.0,1,478077.12,-3903800.5,1,478095.88,-3903816.0,1,478121.12,-3903836.5,1,478147.06,-3903853.0,1,478165.16,-3903860.8,1,478184.53,-3903865.2,1,478204.56,-3903870.0,1,478222.62,-3903871.5,1,478251.72,-3903871.5,1,478275.72,-3903869.8,1,478299.62,-3903866.0,1,478321.5,-3903862.8,1,478346.78,-3903857.0,1,478384.84,-3903853.8,1,478407.03,-3903852.2,1,478417.3,-3903857.0,1,478430.06,-3903864.0
12_3_1çÜê¸_â°ïlés,0,475722.28,-3912549.5,1,475742.28,-3912552.5,1,475813.16,-3912566.8,1,475870.84,-3912580.0,1,475923.66,-3912595.0,1,475971.56,-3912616.8,1,475998.56,-3912631.5,1,476027.3,-3912650.2,1,476050.25,-3912669.8,1,476053.9,-3912673.5,1,476082.97,-3912705.2,1,476120.5,-3912753.8,1,476142.75,-3912789.0,1,476174.84,-3912842.5,1,476216.47,-3912920.0,1,476246.3,-3912971.8,1,476267.53,-3913004.5,1,476298.6,-3913035.2,1,476336.1,-3913068.8,1,476378.03,-3913096.0,1,476416.66,-3913116.0,1,476496.22,-3913151.8
12_4_ëÂóYéRê¸_à…ì§î†ç™ìSìπ,0,444327.16,-3901723.8,1,444287.25,-3901780.8
12_4_ìcâÄìsésê¸_ìåãûã}çsìdìS,0,473060.75,-3924711.5,1,473210.8,-3924727.2
11_2_å‰ìaèÍê¸_ìåäCó∑ãqìSìπ,0,436143.84,-3909256.5,1,436181.56,-3909144.5,1,436194.47,-3909119.8,1,436206.03,-3909098.8,1,436228.72,-3909066.0,1,436249.97,-3909039.8,1,436297.9,-3908996.8,1,436407.28,-3908903.5,1,436494.38,-3908834.2,1,436597.28,-3908753.2,1,436624.22,-3908735.0,1,436685.22,-3908700.0,1,436749.62,-3908672.5,1,436806.1,-3908651.8,1,436853.0,-3908642.0,1,436884.97,-3908640.5,1,436916.44,-3908643.0,1,436982.3,-3908656.2,1,437085.28,-3908686.0,1,437090.8,-3908687.5,1,437097.47,-3908689.2,1,437237.3,-3908728.0,1,437323.7,-3908738.8,1,437328.25,-3908739.2,1,437386.06,-3908746.5,1,437410.44,-3908746.8,1,437413.88,-3908746.8,1,437445.78,-3908747.2,1,437509.25,-3908739.8,1,437564.28,-3908725.8,1,437644.5,-3908698.5,1,437685.47,-3908683.5,1,437721.72,-3908670.2,1,437758.72,-3908656.8,1,437795.4,-3908643.5,1,437956.8,-3908597.0,1,438137.72,-3908568.8,1,438237.44,-3908560.8,1,438328.72,-3908556.2,1,438464.8,-3908543.5,1,438533.22,-3908539.0,1,438551.72,-3908536.2,1,438585.6,-3908531.0,1,438630.3,-3908520.2,1,438663.72,-3908516.0,1,438706.5,-3908502.8,1,438803.44,-3908474.0,1,438869.0,-3908456.5,1,438939.22,-3908450.0,1,438977.53,-3908449.2,1,439062.7,-3908465.2,1,439108.8,-3908473.8,1,439173.7,-3908485.8,1,439460.88,-3908536.5,1,439655.47,-3908573.2,1,439726.34,-3908586.2,1,439822.97,-3908603.2,1,439823.6,-3908603.5
12_4_è¨ìcå¥ê¸_è¨ìcã}ìdìS,0,449316.4,-3910052.8,1,448917.12,-3910065.5,1,448665.2,-3910076.0,1,448467.06,-3910122.8,1,448187.8,-3910200.2,1,448126.03,-3910201.0,1,448102.75,-3910195.2,1,448080.56,-3910189.8,1,448044.5,-3910174.2,1,448037.47,-3910171.2,1,447991.88,-3910141.2,1,447888.12,-3910057.8,1,447783.97,-3909974.2,1,447735.75,-3909932.0,1,447696.9,-3909890.0,1,447645.47,-3909826.5,1,447543.16,-3909696.0,1,447519.34,-3909663.5,1,447499.8,-3909630.2,1,447479.0,-3909582.0,1,447469.4,-3909544.2,1,447464.47,-3909524.2,1,447452.06,-3909466.5,1,447442.62,-3909390.2,1,447439.7,-3909358.2,1,447431.75,-3909287.2,1,447431.44,-3909282.0,1,447426.8,-3909251.0,1,447425.22,-3909243.5,1,447417.56,-3909208.5,1,447401.16,-3909169.2,1,447384.06,-3909138.0,1,447357.75,-3909108.5,1,447326.4,-3909080.8,1,447256.25,-3909029.8,1,447206.06,-3908991.5,1,447191.0,-3908979.8,1,447177.03,-3908969.0,1,447147.3,-3908937.5,1,447126.62,-3908912.8,1,447109.62,-3908880.2,1,447093.9,-3908845.5,1,447082.34,-3908797.2,1,447075.9,-3908752.5,1,447074.38,-3908707.2,1,447081.6,-3908667.8,1,447096.3,-3908626.0,1,447135.1,-3908545.8,1,447151.1,-3908514.8,1,447173.22,-3908458.8,1,447186.0,-3908411.0,1,447193.25,-3908373.8,1,447198.62,-3908333.5,1,447200.22,-3908291.2,1,447194.44,-3908251.2,1,447177.34,-3908206.2,1,447138.97,-3908152.8,1,447106.44,-3908107.8,1,447053.5,-3908034.8,1,447024.7,-3908003.0,1,446985.3,-3907967.8,1,446942.7,-3907935.2,1,446884.53,-3907890.2,1,446815.8,-3907838.5,1,446784.47,-3907809.2,1,446753.56,-3907777.5,1,446735.72,-3907752.2,1,446681.12,-3907652.5,1,446627.1,-3907551.0,1,446583.44,-3907468.8,1,446562.72,-3907435.5,1,446546.38,-3907410.0,1,446516.28,-3907372.2,1,446449.9,-3907304.5,1,446320.03,-3907169.5,1,446278.0,-3907126.5,1,446220.47,-3907082.2,1,446194.1,-3907064.0,1,446159.53,-3907044.5,1,446117.1,-3907025.0,1,446091.03,-3907016.8,1,446064.66,-3907011.0,1,446012.38,-3907006.8,1,445943.22,-3907005.8,1,445915.22,-3907005.8,1,445898.4,-3907004.2,1,445873.5,-3907002.2,1,445870.84,-3907002.0,1,445789.56,-3906994.5,1,445722.88,-3906982.0,1,445655.53,-3906966.5,1,445590.06,-3906944.8,1,445537.6,-3906922.5,1,445481.72,-3906893.2,1,445466.7,-3906889.5
12_4_è¨ìcå¥ê¸_è¨ìcã}ìdìS,0,461227.12,-3912446.2,1,461119.25,-3912382.0
11_2_â°ïlê¸_ìåì˙ñ{ó∑ãqìSìπ,0,484107.1,-3925013.2,1,484013.1,-3924994.2,1,483984.62,-3924988.2,1,483869.7,-3924964.8,1,483781.3,-3924948.0,1,483639.2,-3924922.2,1,483504.8,-3924895.2,1,483502.0,-3924894.8,1,483377.3,-3924885.8,1,483218.62,-3924887.8,1,483115.8,-3924907.2,1,482900.56,-3924968.2,1,482760.44,-3925010.0,1,482528.72,-3925084.5,1,482439.9,-3925112.5,1,482407.75,-3925121.2,1,482338.6,-3925142.5,1,482138.22,-3925203.0,1,482050.03,-3925232.8,1,481989.25,-3925261.5,1,481926.6,-3925302.0,1,481742.94,-3925420.5
12_4_ñ{ê¸_ëäñÕìSìπ,0,488638.75,-3919346.8,1,488696.28,-3919422.8
12_4_ñ{ê¸_ãûïlã}çsìdìS,0,488068.7,-3912171.5,1,488154.0,-3912072.2
12_4_ëäñÕå¥ê¸_ãûâ§ìdìS,0,464038.97,-3934355.8,1,463887.6,-3934468.8
12_4_ñ{ê¸_ãûïlã}çsìdìS,0,487157.44,-3916500.0,1,487118.38,-3916490.5,1,487065.28,-3916477.5,1,487014.25,-3916462.2,1,486973.1,-3916444.5,1,486941.2,-3916422.8,1,486918.56,-3916402.5,1,486890.75,-3916377.8,1,486865.56,-3916345.5,1,486844.9,-3916313.2,1,486822.88,-3916263.5,1,486810.22,-3916226.5,1,486804.16,-3916193.5,1,486800.88,-3916175.8,1,486798.22,-3916155.8,1,486799.38,-3916081.5,1,486800.97,-3915988.0,1,486807.75,-3915923.5,1,486814.2,-3915791.2,1,486820.66,-3915750.5,1,486828.3,-3915702.0,1,486852.44,-3915573.8,1,486876.8,-3915478.8
12_4_ç]Émìáê¸_è¨ìcã}ìdìS,0,473365.38,-3923437.0,1,473306.03,-3923581.0,1,473222.1,-3923777.8,1,473161.3,-3923921.0,1,473137.25,-3923974.0,1,473097.8,-3924063.2,1,473073.72,-3924141.5,1,473061.1,-3924186.0,1,473056.8,-3924215.8,1,473055.56,-3924254.5,1,473050.78,-3924319.0,1,473048.75,-3924365.2,1,473048.28,-3924453.2,1,473045.4,-3924671.5
12_4_è¨ìcå¥ê¸_è¨ìcã}ìdìS,0,444499.22,-3906034.8,1,444497.56,-3906060.5,1,444498.84,-3906090.5,1,444508.78,-3906140.2,1,444530.62,-3906203.0,1,444547.8,-3906235.8,1,444554.78,-3906249.0,1,444582.6,-3906290.5,1,444606.38,-3906316.2,1,444640.56,-3906348.2,1,444658.28,-3906364.8,1,444780.72,-3906471.5,1,444785.5,-3906475.5,1,444886.62,-3906564.0,1,444894.84,-3906571.8,1,444922.25,-3906593.8,1,444988.56,-3906634.8
11_2_å‰ìaèÍê¸_ìåäCó∑ãqìSìπ,0,451942.7,-3899744.0,1,452316.66,-3899816.2
11_2_ëäñÕê¸_ìåì˙ñ{ó∑ãqìSìπ,0,465738.6,-3928865.8,1,465776.03,-3928814.8,1,465819.3,-3928759.0,1,465877.56,-3928678.2,1,465952.75,-3928569.5,1,466057.22,-3928392.2,1,466085.7,-3928340.8,1,466142.16,-3928249.0,1,466212.78,-3928124.8,1,466272.94,-3928023.2,1,466323.75,-3927937.2,1,466361.3,-3927872.8,1,466395.25,-3927810.8,1,466462.1,-3927697.5,1,466498.3,-3927638.8,1,466528.84,-3927587.2,1,466553.72,-3927543.2,1,466574.8,-3927494.8,1,466600.3,-3927427.5,1,466622.34,-3927377.8,1,466647.84,-3927310.2,1,466669.7,-3927264.8,1,466682.84,-3927240.2,1,466699.0,-3927217.0,1,466715.12,-3927195.2,1,466747.38,-3927159.2,1,466794.25,-3927109.8
11_2_å‰ìaèÍê¸_ìåäCó∑ãqìSìπ,0,442395.6,-3908296.2,1,442447.16,-3908246.5,1,442452.56,-3908241.2
12_4_ñ{ê¸_ãûïlã}çsìdìS,0,488597.47,-3910950.5,1,488630.53,-3910872.8,1,488794.0,-3910489.0,1,488829.66,-3910405.2,1,488842.34,-3910379.0,1,488874.6,-3910313.8,1,488896.62,-3910272.2,1,488928.56,-3910234.0,1,488979.8,-3910182.8,1,489022.62,-3910144.0,1,489043.06,-3910128.8,1,489078.1,-3910103.5,1,489087.44,-3910096.8,1,489106.75,-3910082.8,1,489139.53,-3910059.2,1,489216.03,-3910002.2,1,489340.28,-3909928.0,1,489371.97,-3909917.8,1,489436.28,-3909900.5,1,489494.66,-3909883.2,1,489532.25,-3909872.0,1,489562.3,-3909858.8,1,489613.22,-3909818.0,1,489715.75,-3909713.2,1,489757.0,-3909666.8,1,489771.16,-3909636.2,1,489786.2,-3909593.8,1,489801.9,-3909521.5,1,489811.0,-3909463.8,1,489833.47,-3909318.5,1,489848.4,-3909202.8,1,489851.75,-3909177.2,1,489855.8,-3909146.2
12_4_ìåâ°ê¸_ìåãûã}çsìdìS,0,493434.22,-3933647.0,1,493436.03,-3933622.0,1,493436.0,-3933598.2,1,493433.56,-3933586.0,1,493419.12,-3933557.2,1,493407.34,-3933543.5,1,493385.6,-3933521.8,1,493370.06,-3933506.2,1,493302.25,-3933438.2,1,493252.03,-3933388.0,1,493093.28,-3933245.0,1,493034.53,-3933193.0,1,493009.4,-3933163.0,1,492997.44,-3933148.5,1,492984.38,-3933130.8,1,492975.78,-3933116.5,1,492957.0,-3933082.0,1,492947.66,-3933062.2,1,492936.3,-3933038.5,1,492894.62,-3932938.5,1,492828.8,-3932771.2
11_2_ìÏïêê¸_ìåì˙ñ{ó∑ãqìSìπ,0,486502.12,-3936044.0,1,486461.97,-3936074.2,1,486448.22,-3936084.2,1,486438.2,-3936092.5,1,486436.2,-3936094.0,1,486378.28,-3936135.2,1,486313.7,-3936181.0,1,486252.8,-3936224.0,1,486178.53,-3936276.8,1,486098.75,-3936331.2,1,486026.0,-3936379.8,1,485981.47,-3936397.5,1,485935.12,-3936408.8,1,485877.72,-3936416.2,1,485789.7,-3936423.5,1,485695.78,-3936429.2,1,485647.62,-3936437.5,1,485607.34,-3936455.5,1,485407.0,-3936555.2
11_2_íﬂå©ê¸_ìåì˙ñ{ó∑ãqìSìπ,0,495884.47,-3923563.2,1,495829.3,-3923540.5
11_2_ç™ä›ê¸_ìåì˙ñ{ó∑ãqìSìπ,0,490371.66,-3917721.0,1,490315.0,-3917791.8,1,490278.66,-3917839.0,1,490249.12,-3917882.2,1,490189.97,-3917974.0,1,490163.78,-3918018.2,1,490147.94,-3918051.5,1,490137.72,-3918074.0,1,490126.22,-3918110.2,1,490118.0,-3918140.5,1,490106.53,-3918187.8,1,490092.62,-3918235.2,1,490083.03,-3918262.2,1,490073.53,-3918289.5,1,490064.66,-3918309.0,1,490049.88,-3918332.8
12_4_Ç¢Ç∏Ç›ñÏê¸_ëäñÕìSìπ,0,480483.0,-3918639.2,1,480469.8,-3918703.0,1,480435.8,-3918808.8,1,480412.62,-3918865.5,1,480341.88,-3919047.2,1,480339.34,-3919126.8,1,480346.06,-3919179.2,1,480359.53,-3919225.8,1,480367.53,-3919242.0,1,480414.7,-3919314.0,1,480450.47,-3919358.5,1,480487.94,-3919401.8,1,480555.28,-3919454.2,1,480634.44,-3919502.0,1,480673.12,-3919528.2
12_4_Ç¢Ç∏Ç›ñÏê¸_ëäñÕìSìπ,0,480100.66,-3917198.2,1,480104.94,-3917211.8,1,480121.6,-3917264.8,1,480158.5,-3917381.5,1,480401.97,-3918100.8,1,480440.94,-3918247.0,1,480495.56,-3918451.5,1,480498.16,-3918478.0,1,480493.62,-3918553.2
12_3_3çÜê¸_â°ïlés,0,488658.44,-3923275.0,1,488701.03,-3923378.2
12_4_ñ{ê¸_ãûïlã}çsìdìS,0,489835.06,-3908479.2,1,489825.0,-3908430.5,1,489809.06,-3908393.0,1,489784.56,-3908334.0
12_4_ìSìπê¸_î†ç™ìoéRìSìπ,0,438307.97,-3895482.0,1,438313.16,-3895471.2,1,438317.44,-3895455.2,1,438317.3,-3895439.8,1,438316.4,-3895426.5,1,438317.56,-3895410.5,1,438323.6,-3895400.8,1,438331.88,-3895397.2,1,438343.7,-3895397.5,1,438356.8,-3895401.2,1,438369.94,-3895402.8,1,438380.84,-3895403.2,1,438391.75,-3895400.2,1,438404.72,-3895394.5,1,438425.2,-3895378.0,1,438457.3,-3895350.8,1,438484.25,-3895328.5,1,438498.53,-3895314.2,1,438508.06,-3895297.8,1,438522.3,-3895276.2,1,438535.3,-3895261.5,1,438561.28,-3895241.0,1,438581.78,-3895230.8,1,438597.84,-3895222.2,1,438611.3,-3895209.8,1,438618.7,-3895200.2,1,438625.12,-3895181.2,1,438627.2,-3895164.0,1,438626.1,-3895136.5,1,438627.8,-3895122.2,1,438634.2,-3895111.5,1,438643.8,-3895107.0,1,438656.47,-3895107.0,1,438676.16,-3895113.8,1,438737.03,-3895137.5,1,438758.4,-3895136.0,1,438785.38,-3895131.2,1,438804.62,-3895125.0,1,438819.38,-3895111.5,1,438827.1,-3895094.8,1,438831.78,-3895077.5,1,438832.5,-3895046.8,1,438836.5,-3895007.8,1,438840.72,-3894982.8,1,438845.0,-3894971.0,1,438851.1,-3894958.0,1,438861.0,-3894944.8,1,438880.6,-3894932.5,1,438907.97,-3894919.5,1,438949.84,-3894907.5,1,438996.94,-3894900.0,1,439049.3,-3894895.2,1,439095.97,-3894892.2,1,439162.38,-3894901.5,1,439194.7,-3894901.5,1,439235.38,-3894902.2,1,439261.12,-3894902.0,1,439287.66,-3894898.8,1,439307.75,-3894892.8,1,439313.28,-3894890.5,1,439320.62,-3894887.5,1,439327.25,-3894884.5,1,439331.88,-3894882.0,1,439337.94,-3894878.2,1,439343.75,-3894874.8,1,439352.0,-3894868.8,1,439363.66,-3894857.5,1,439377.66,-3894845.0,1,439389.44,-3894834.5
12_4_è¨ìcå¥ê¸_è¨ìcã}ìdìS,0,444974.97,-3904771.5,1,445052.03,-3904575.2,1,445137.97,-3904345.5,1,445178.16,-3904238.2,1,445256.78,-3904032.5,1,445308.7,-3903896.5,1,445441.6,-3903551.0,1,445482.94,-3903444.5,1,445512.53,-3903346.2,1,445539.94,-3903232.2,1,445561.7,-3903086.0
12_4_ç]Émìáê¸_è¨ìcã}ìdìS,0,476559.22,-3902721.0,1,476454.38,-3902818.0
24_5_ã‡ëÚÉVÅ[ÉTÉCÉhÉâÉCÉì_â°ïlêVìsésåí ,0,490072.38,-3905789.2,1,490071.53,-3905762.2,1,490081.8,-3905702.8,1,490104.16,-3905597.0,1,490127.16,-3905522.0,1,490157.03,-3905416.8,1,490169.7,-3905371.8,1,490182.9,-3905320.5,1,490190.97,-3905287.5,1,490190.3,-3905260.2,1,490185.1,-3905233.0,1,490171.78,-3905203.8,1,490143.6,-3905177.0,1,490055.1,-3905119.5,1,490050.28,-3905115.8
12_4_ìåâ°ê¸_ìåãûã}çsìdìS,0,489698.9,-3922619.5,1,489702.28,-3922631.0,1,489705.66,-3922646.8,1,489709.03,-3922664.0,1,489713.12,-3922675.5,1,489718.6,-3922687.0,1,489730.12,-3922705.2
11_2_ìÏïêê¸_ìåì˙ñ{ó∑ãqìSìπ,0,495433.34,-3926384.2,1,495503.22,-3926349.2
11_2_ìåäCìπê¸_ìåì˙ñ{ó∑ãqìSìπ,0,494072.9,-3924635.8,1,494053.5,-3924522.0,1,494018.66,-3924359.2,1,493993.38,-3924245.0,1,493973.38,-3924178.0,1,493935.78,-3924111.0,1,493877.6,-3924018.8,1,493843.56,-3923972.8,1,493793.0,-3923908.8,1,493746.7,-3923862.8,1,493703.7,-3923819.8,1,493347.72,-3923458.0,1,493318.22,-3923428.2,1,493314.03,-3923424.0,1,493276.75,-3923383.5
12_4_ñ{ê¸_ãûïlã}çsìdìS,0,490765.7,-3921725.2,1,490876.47,-3921829.2
12_4_ç]Émìáê¸_è¨ìcã}ìdìS,0,475890.34,-3907034.0,1,475896.6,-3907019.5,1,475908.4,-3906995.8,1,475920.62,-3906973.2,1,475937.34,-3906942.8,1,475959.5,-3906896.5,1,475968.72,-3906876.0,1,476011.72,-3906789.0,1,476023.28,-3906761.2,1,476032.6,-3906736.8,1,476047.25,-3906688.5,1,476053.56,-3906663.2,1,476070.75,-3906574.2,1,476084.53,-3906491.5,1,476089.72,-3906461.8,1,476100.47,-3906403.8,1,476103.7,-3906385.0,1,476107.28,-3906364.0,1,476128.25,-3906256.8,1,476136.78,-3906214.5,1,476148.78,-3906148.5,1,476152.1,-3906134.5,1,476156.62,-3906121.5,1,476163.94,-3906110.0,1,476179.16,-3906092.2,1,476197.66,-3906073.8,1,476216.78,-3906056.2,1,476276.2,-3906016.5,1,476333.9,-3905977.5,1,476351.94,-3905966.2,1,476368.84,-3905959.2,1,476385.0,-3905955.0,1,476402.53,-3905952.0,1,476416.78,-3905950.2,1,476437.6,-3905950.2,1,476480.22,-3905953.0,1,476507.4,-3905958.2
12_4_ëÂétê¸_ãûïlã}çsìdìS,0,498084.2,-3927723.8,1,497951.66,-3927716.0,1,497530.84,-3927693.0,1,497442.44,-3927688.2
11_2_ëäñÕê¸_ìåì˙ñ{ó∑ãqìSìπ,0,466937.53,-3915116.2,1,466942.06,-3915043.0
12_4_ãvó¢ïlê¸_ãûïlã}çsìdìS,0,494999.97,-3896005.5,1,494994.9,-3896079.5,1,494996.56,-3896094.5,1,495000.03,-3896118.2,1,495006.88,-3896162.2
12_4_ç]Émìáê¸_è¨ìcã}ìdìS,0,472570.7,-3927537.2,1,472474.75,-3927411.5
11_2_ìåäCìπê¸_ìåì˙ñ{ó∑ãqìSìπ,0,480859.47,-3907576.5,1,480850.78,-3907551.5,1,480816.97,-3907459.5,1,480766.56,-3907346.8,1,480727.9,-3907285.8,1,480701.12,-3907255.8,1,480657.16,-3907217.0,1,480589.62,-3907163.8,1,480509.28,-3907106.8,1,480428.94,-3907053.8,1,480378.16,-3907020.8,1,480041.2,-3906801.5,1,479865.9,-3906687.0,1,479860.47,-3906683.5,1,479839.16,-3906670.2,1,479814.97,-3906655.5,1,479769.0,-3906626.0,1,479564.44,-3906491.2,1,479540.03,-3906475.5,1,479310.06,-3906326.2,1,479233.72,-3906276.8,1,478904.7,-3906061.8,1,478640.12,-3905889.5,1,478554.38,-3905833.8,1,478466.47,-3905782.2,1,478453.0,-3905775.5,1,478435.16,-3905764.8,1,478402.88,-3905750.0,1,478366.03,-3905732.2,1,478322.56,-3905721.8,1,478276.8,-3905711.0,1,478235.53,-3905705.5,1,478189.8,-3905700.2,1,478176.47,-3905701.8,1,478073.97,-3905714.2,1,477982.62,-3905737.5,1,477911.3,-3905757.8,1,477862.38,-3905775.5,1,477844.6,-3905783.8,1,477806.53,-3905796.8,1,477775.7,-3905807.2,1,477643.28,-3905851.5,1,477555.94,-3905877.8,1,477514.06,-3905892.0,1,477409.56,-3905926.5,1,477308.12,-3905959.0,1,477218.4,-3905988.8,1,477178.84,-3906001.2,1,477097.66,-3906027.8,1,477085.94,-3906029.8,1,477049.97,-3906034.0,1,476986.44,-3906039.2
11_2_ìåäCìπê¸_ìåì˙ñ{ó∑ãqìSìπ,0,440602.2,-3881566.0,1,440612.4,-3881596.2,1,440622.1,-3881626.8,1,440642.47,-3881689.5,1,440647.9,-3881713.5,1,440659.1,-3881766.0,1,440671.44,-3881825.5,1,440680.38,-3881870.0,1,440690.47,-3881924.0,1,440701.34,-3881967.2,1,440720.12,-3882065.5,1,440740.25,-3882163.8,1,440755.9,-3882245.0,1,440777.44,-3882345.2,1,440788.97,-3882406.0,1,440807.16,-3882500.0,1,440827.28,-3882594.5,1,440847.78,-3882690.2,1,440848.25,-3882692.2,1,440858.03,-3882740.2,1,440874.8,-3882825.5,1,440887.4,-3882884.5,1,440899.12,-3882935.5,1,440908.66,-3882983.8,1,440927.12,-3883079.5,1,440947.84,-3883181.2,1,440965.78,-3883275.2,1,440974.47,-3883323.0,1,440982.88,-3883357.8,1,440995.7,-3883420.0,1,441013.94,-3883507.8,1,441033.94,-3883601.0,1,441046.3,-3883667.2,1,441046.6,-3883668.8,1,441084.9,-3883858.2,1,441094.72,-3883909.0,1,441105.62,-3883961.2,1,441115.16,-3884008.8,1,441135.53,-3884105.0,1,441142.94,-3884121.5,1,441149.72,-3884157.2,1,441163.1,-3884223.8,1,441169.4,-3884253.8,1,441175.4,-3884282.2,1,441182.38,-3884315.2,1,441184.8,-3884327.2,1,441199.12,-3884396.0,1,441207.12,-3884424.8,1,441215.78,-3884449.2,1,441224.03,-3884473.0,1,441228.75,-3884484.2,1,441231.44,-3884490.8,1,441239.66,-3884506.2,1,441245.34,-3884515.2,1,441256.94,-3884533.8,1,441270.28,-3884551.2,1,441289.47,-3884573.8
11_2_ëäñÕê¸_ìåì˙ñ{ó∑ãqìSìπ,0,467788.5,-3923132.0,1,467806.4,-3923018.0
12_4_ç]Émìáê¸_è¨ìcã}ìdìS,0,474933.66,-3914091.0,1,474923.47,-3913922.2,1,474904.97,-3913634.5,1,474902.03,-3913588.0,1,474895.66,-3913486.8,1,474886.47,-3913357.0,1,474878.47,-3913256.5,1,474873.03,-3913156.5,1,474872.94,-3913129.0,1,474875.12,-3913069.8,1,474879.12,-3913036.5,1,474882.7,-3913005.8,1,474884.56,-3912992.0,1,474888.56,-3912968.0,1,474910.12,-3912889.5,1,474992.66,-3912588.2,1,475011.34,-3912514.2,1,475024.1,-3912467.0
11_2_íﬂå©ê¸_ìåì˙ñ{ó∑ãqìSìπ,0,496395.8,-3923814.0,1,496452.4,-3923840.5,1,496571.34,-3923898.5,1,496608.25,-3923916.5,1,496637.47,-3923929.8,1,496655.78,-3923938.5,1,496673.84,-3923948.0,1,496675.75,-3923949.0,1,496690.72,-3923957.0,1,496717.2,-3923970.2,1,496753.12,-3923987.2
11_2_ëäñÕê¸_ìåì˙ñ{ó∑ãqìSìπ,0,468310.78,-3921445.5,1,468380.28,-3921269.0,1,468400.5,-3921217.8,1,468526.3,-3920900.8,1,468586.7,-3920757.5,1,468599.16,-3920721.5,1,468610.94,-3920688.0,1,468613.9,-3920679.2,1,468620.75,-3920618.8,1,468626.28,-3920567.2,1,468625.25,-3920525.2,1,468616.06,-3920470.0,1,468611.06,-3920443.8,1,468609.88,-3920437.5,1,468605.34,-3920414.2,1,468589.75,-3920318.8,1,468554.1,-3920134.2,1,468527.44,-3919983.0,1,468508.38,-3919877.5,1,468501.6,-3919840.8,1,468476.44,-3919705.8,1,468454.06,-3919585.8,1,468435.56,-3919480.8,1,468427.78,-3919436.2,1,468389.8,-3919220.8,1,468380.3,-3919182.5,1,468370.22,-3919152.5,1,468347.06,-3919093.8,1,468327.88,-3919056.0,1,468317.38,-3919036.8,1,468311.53,-3919027.0,1,468305.78,-3919019.5,1,468291.94,-3919000.5,1,468267.3,-3918970.5,1,468234.34,-3918937.8,1,468193.4,-3918904.2,1,468146.28,-3918870.2,1,468089.16,-3918836.0
11_2_ìåäCìπê¸_ìåì˙ñ{ó∑ãqìSìπ,0,472978.16,-3905811.5,1,473320.9,-3905833.0
12_4_ìcâÄìsésê¸_ìåãûã}çsìdìS,0,486462.5,-3933505.0,1,486497.94,-3933526.2,1,486518.34,-3933538.5,1,486594.6,-3933581.0,1,486667.12,-3933616.2,1,486713.38,-3933635.5,1,486759.22,-3933653.8,1,486810.34,-3933671.5,1,486837.8,-3933680.0,1,486902.8,-3933700.0,1,487053.53,-3933762.0,1,487149.1,-3933801.2,1,487205.3,-3933836.5,1,487342.5,-3933918.5,1,487442.4,-3933979.8,1,487483.12,-3934004.8,1,487553.94,-3934046.8,1,487604.6,-3934080.0,1,487643.06,-3934112.5,1,487659.66,-3934128.0
12_4_è¨ìcå¥ê¸_è¨ìcã}ìdìS,0,444499.22,-3906034.8,1,444501.1,-3906017.5,1,444510.1,-3905984.5,1,444531.25,-3905926.2,1,444592.22,-3905772.8,1,444619.4,-3905704.2,1,444793.22,-3905252.0,1,444949.5,-3904841.0
14_4_ç]ÇÃìáê¸_è√ìÏÉÇÉmÉåÅ[Éã,0,480937.47,-3907598.5,1,480926.56,-3907548.5,1,480905.2,-3907457.8
12_4_ãvó¢ïlê¸_ãûïlã}çsìdìS,0,492048.22,-3889418.8,1,492058.6,-3889429.0,1,492105.06,-3889474.5,1,492162.56,-3889533.2,1,492179.3,-3889549.5,1,492284.28,-3889653.2,1,492301.7,-3889670.5,1,492338.97,-3889708.8,1,492379.6,-3889749.2,1,492423.06,-3889798.5,1,492433.56,-3889811.0,1,492457.16,-3889843.5,1,492475.28,-3889865.5,1,492535.8,-3889945.0,1,492558.22,-3889972.8,1,492590.75,-3890017.2,1,492624.38,-3890061.0,1,492667.7,-3890116.2,1,492751.4,-3890200.2,1,492768.8,-3890216.2,1,492771.8,-3890219.0,1,492855.25,-3890293.8,1,492984.06,-3890402.0
12_4_ãvó¢ïlê¸_ãûïlã}çsìdìS,0,494928.9,-3892115.8,1,494965.62,-3892188.2,1,495012.56,-3892282.0,1,495041.0,-3892338.0,1,495064.84,-3892383.5,1,495084.44,-3892420.0,1,495101.84,-3892457.8,1,495110.22,-3892471.5,1,495120.06,-3892486.8,1,495131.0,-3892503.8,1,495145.38,-3892518.2,1,495159.3,-3892534.8,1,495184.34,-3892556.8,1,495207.12,-3892574.2,1,495223.7,-3892584.8,1,495268.28,-3892606.5,1,495350.3,-3892645.5,1,495382.9,-3892663.2,1,495407.47,-3892682.5,1,495466.22,-3892729.8,1,495506.28,-3892764.2,1,495604.78,-3892845.8,1,495702.56,-3892927.5,1,495866.44,-3893061.8,1,495891.1,-3893079.5,1,495915.6,-3893102.0,1,495956.38,-3893143.0,1,495972.7,-3893160.2,1,495988.88,-3893179.5,1,496004.1,-3893199.5,1,496021.5,-3893228.8,1,496050.2,-3893272.2,1,496092.62,-3893343.0,1,496148.62,-3893436.8,1,496187.4,-3893497.2,1,496208.16,-3893523.0,1,496252.4,-3893580.8,1,496289.84,-3893630.8,1,496305.03,-3893652.5,1,496328.44,-3893689.5,1,496355.22,-3893735.5,1,496370.53,-3893768.0,1,496387.47,-3893827.2,1,496392.12,-3893847.8,1,496395.94,-3893863.2,1,496413.0,-3893957.0,1,496427.88,-3894055.2,1,496428.34,-3894062.0
11_2_ìåäCìπê¸_ìåì˙ñ{ó∑ãqìSìπ,0,494072.9,-3924635.8,1,494053.5,-3924522.0,1,494018.66,-3924359.2,1,493993.38,-3924245.0,1,493973.38,-3924178.0,1,493935.78,-3924111.0,1,493877.6,-3924018.8,1,493843.56,-3923972.8,1,493793.0,-3923908.8,1,493746.7,-3923862.8,1,493703.7,-3923819.8,1,493347.72,-3923458.0,1,493318.22,-3923428.2,1,493314.03,-3923424.0,1,493276.75,-3923383.5
12_4_ç]Émìáê¸_è¨ìcã}ìdìS,0,476507.4,-3905958.2,1,476546.62,-3905968.2,1,476599.25,-3905981.8,1,476637.0,-3905989.8,1,476663.1,-3905994.0,1,476695.2,-3905997.5,1,476771.97,-3906000.8,1,476831.06,-3906003.2
11_2_ç™ä›ê¸_ìåì˙ñ{ó∑ãqìSìπ,0,490548.72,-3914552.5,1,490705.84,-3914594.0,1,490742.06,-3914604.2,1,490744.78,-3914605.0,1,490836.34,-3914630.0,1,490985.0,-3914670.2,1,491098.88,-3914710.8,1,491182.25,-3914749.5,1,491235.84,-3914780.5,1,491264.66,-3914801.2,1,491342.78,-3914866.8,1,491386.78,-3914921.2,1,491398.4,-3914935.8,1,491429.22,-3914970.2,1,491446.78,-3914992.5,1,491470.4,-3915043.0,1,491484.44,-3915088.8,1,491488.0,-3915100.5,1,491498.56,-3915136.0,1,491501.75,-3915162.2,1,491502.4,-3915169.5,1,491505.16,-3915203.8,1,491506.9,-3915225.8,1,491506.34,-3915291.8,1,491503.22,-3915350.0,1,491497.88,-3915376.8,1,491495.62,-3915388.0,1,491484.88,-3915438.5,1,491481.78,-3915448.8,1,491459.16,-3915524.0,1,491421.16,-3915630.8
11_2_ëäñÕê¸_ìåì˙ñ{ó∑ãqìSìπ,0,468280.47,-3921518.8,1,468310.78,-3921445.5
12_4_ç]Émìáê¸_è¨ìcã}ìdìS,0,474933.66,-3914091.0,1,474923.47,-3913922.2,1,474904.97,-3913634.5,1,474902.03,-3913588.0,1,474895.66,-3913486.8,1,474886.47,-3913357.0,1,474878.47,-3913256.5,1,474873.03,-3913156.5,1,474872.94,-3913129.0,1,474875.12,-3913069.8,1,474879.12,-3913036.5,1,474882.7,-3913005.8,1,474884.56,-3912992.0,1,474888.56,-3912968.0,1,474910.12,-3912889.5,1,474992.66,-3912588.2,1,475011.34,-3912514.2,1,475024.1,-3912467.0
12_3_1çÜê¸_â°ïlés,0,490210.34,-3917338.0,1,490400.9,-3917500.0,1,490485.4,-3917571.2,1,490512.66,-3917602.5,1,490531.94,-3917630.8,1,490545.12,-3917659.8,1,490551.12,-3917672.0,1,490554.22,-3917682.2,1,490554.7,-3917702.0,1,490552.28,-3917726.8,1,490549.2,-3917734.0,1,490540.12,-3917750.5,1,490525.0,-3917766.5,1,490504.7,-3917782.2
12_4_ç]Émìáê¸_è¨ìcã}ìdìS,0,475051.6,-3912363.8,1,475071.56,-3912289.8,1,475127.8,-3912079.2,1,475146.88,-3912010.5,1,475152.47,-3911990.0,1,475181.94,-3911883.2,1,475229.88,-3911709.8,1,475279.62,-3911510.5,1,475336.6,-3911313.0,1,475341.1,-3911296.8,1,475345.75,-3911279.2,1,475369.84,-3911189.2,1,475410.03,-3911040.8
12_4_ñ{ê¸_ãûïlã}çsìdìS,0,489641.97,-3920615.0,1,489683.34,-3920672.5
12_4_ç]Émìáê¸_è¨ìcã}ìdìS,0,475426.47,-3904075.5,1,475416.06,-3904096.2,1,475387.75,-3904148.2,1,475353.34,-3904223.5,1,475340.53,-3904263.0,1,475335.53,-3904288.2,1,475332.12,-3904305.2,1,475328.75,-3904334.5,1,475326.56,-3904364.8,1,475326.7,-3904420.0,1,475334.03,-3904472.2,1,475348.16,-3904524.5,1,475371.6,-3904584.5,1,475395.9,-3904634.2,1,475420.22,-3904675.8,1,475457.53,-3904727.5,1,475470.66,-3904745.5,1,475531.12,-3904818.5,1,475623.03,-3904932.8,1,475789.8,-3905138.2
12_4_ìSìπê¸_î†ç™ìoéRìSìπ,0,446747.6,-3897121.2,1,446651.6,-3896963.8
12_3_3çÜê¸_â°ïlés,0,488285.4,-3926789.8,1,488300.62,-3926658.2,1,488312.34,-3926461.8,1,488319.56,-3926370.0,1,488320.8,-3926359.2,1,488324.2,-3926300.5,1,488331.16,-3926206.8,1,488344.16,-3926031.5,1,488346.72,-3925982.0
11_2_ìåäCìπê¸_ìåì˙ñ{ó∑ãqìSìπ,0,494118.3,-3924876.8,1,494114.22,-3924855.0,1,494081.1,-3924679.2,1,494072.9,-3924635.8
12_4_ç]Émìáê¸_è¨ìcã}ìdìS,0,473600.66,-3922885.0,1,473579.5,-3922934.2,1,473506.88,-3923101.8,1,473470.66,-3923188.0,1,473421.84,-3923301.8
12_4_è¨ìcå¥ê¸_è¨ìcã}ìdìS,0,444988.56,-3906634.8,1,445005.62,-3906644.8,1,445077.22,-3906687.5,1,445101.84,-3906701.2,1,445244.62,-3906774.8
11_2_å‰ìaèÍê¸_ìåäCó∑ãqìSìπ,0,451266.88,-3899982.8,1,451314.2,-3899935.8,1,451369.3,-3899888.8,1,451400.56,-3899862.2,1,451419.56,-3899846.2,1,451445.38,-3899826.8,1,451487.5,-3899795.0,1,451526.4,-3899773.8,1,451573.3,-3899754.2,1,451633.97,-3899734.8,1,451678.94,-3899726.2,1,451708.66,-3899723.8,1,451749.22,-3899720.8
11_2_â°ê{âÍê¸_ìåì˙ñ{ó∑ãqìSìπ,0,485064.28,-3901423.0,1,485050.1,-3901422.2,1,485021.1,-3901424.0,1,484984.53,-3901427.5,1,484930.72,-3901438.2,1,484888.66,-3901449.5,1,484859.66,-3901457.8,1,484834.12,-3901468.8,1,484816.97,-3901477.2,1,484790.06,-3901490.5,1,484768.0,-3901505.0,1,484743.84,-3901520.8,1,484720.4,-3901539.2,1,484685.56,-3901572.5,1,484680.3,-3901577.8,1,484649.97,-3901605.5,1,484615.5,-3901640.5,1,484598.25,-3901659.0,1,484579.03,-3901689.2,1,484555.62,-3901728.8,1,484541.88,-3901754.8,1,484526.1,-3901786.8,1,484507.53,-3901828.5,1,484495.75,-3901859.2,1,484470.34,-3901941.5,1,484452.44,-3901996.8,1,484431.84,-3902061.5,1,484417.38,-3902108.0,1,484400.2,-3902158.5,1,484389.25,-3902192.8,1,484377.56,-3902223.0,1,484356.9,-3902267.5,1,484332.16,-3902306.0,1,484313.56,-3902330.2,1,484291.53,-3902352.2,1,484268.75,-3902375.8,1,484252.22,-3902389.0,1,484227.44,-3902408.5,1,484207.9,-3902426.2
12_4_ìcâÄìsésê¸_ìåãûã}çsìdìS,0,487755.84,-3934243.0,1,487784.72,-3934288.2,1,487808.25,-3934336.8,1,487825.78,-3934380.0,1,487834.34,-3934416.0,1,487853.44,-3934471.8,1,487861.25,-3934486.5,1,487917.0,-3934582.8,1,487928.72,-3934604.0,1,487980.1,-3934679.0,1,488010.94,-3934721.2,1,488048.88,-3934764.0,1,488069.2,-3934784.8,1,488081.62,-3934798.2
12_4_ñ{ê¸_ãûïlã}çsìdìS,0,495128.94,-3897594.5,1,495137.75,-3897589.5,1,495157.94,-3897578.2,1,495222.6,-3897549.8,1,495255.7,-3897536.2,1,495275.88,-3897529.5,1,495296.16,-3897526.5,1,495352.38,-3897522.2,1,495409.12,-3897518.0,1,495464.34,-3897514.0,1,495498.9,-3897511.8,1,495527.47,-3897508.5,1,495543.12,-3897506.8,1,495586.12,-3897501.8,1,495619.7,-3897499.0,1,495628.88,-3897497.2,1,495638.44,-3897493.5,1,495644.53,-3897490.8,1,495653.06,-3897487.0,1,495747.56,-3897436.2
11_2_íﬂå©ê¸_ìåì˙ñ{ó∑ãqìSìπ,0,498430.0,-3924534.0,1,498431.28,-3924495.5,1,498430.38,-3924474.8,1,498424.8,-3924452.2,1,498418.38,-3924428.8,1,498403.06,-3924377.5,1,498337.25,-3924176.0,1,498293.88,-3924040.2
11_2_â°ïlê¸_ìåì˙ñ{ó∑ãqìSìπ,0,487071.0,-3924822.5,1,487004.03,-3924859.0,1,486882.72,-3924921.5,1,486785.84,-3924971.2,1,486708.1,-3925006.2,1,486691.06,-3925013.0,1,486574.84,-3925030.8,1,486495.4,-3925048.5,1,486417.44,-3925061.0,1,486231.5,-3925092.0,1,486101.16,-3925113.2,1,486025.1,-3925130.2,1,485831.56,-3925178.0,1,485783.16,-3925190.2,1,485627.8,-3925229.2,1,485487.56,-3925263.8,1,485459.94,-3925267.0,1,485381.03,-3925265.8,1,485351.38,-3925259.8,1,485247.97,-3925239.8,1,484982.2,-3925188.0,1,484775.9,-3925147.0,1,484485.72,-3925089.5,1,484262.47,-3925044.2
12_4_è¨ìcå¥ê¸_è¨ìcã}ìdìS,0,479511.78,-3935850.0,1,479682.25,-3935930.0
11_2_ëäñÕê¸_ìåì˙ñ{ó∑ãqìSìπ,0,464021.3,-3934424.0,1,464074.0,-3934390.2,1,464107.53,-3934368.8,1,464186.66,-3934317.8
11_2_ìåäCìπê¸_ìåì˙ñ{ó∑ãqìSìπ,0,460954.2,-3902960.2,1,460906.3,-3902927.5,1,460881.34,-3902914.5,1,460838.34,-3902891.8,1,460799.72,-3902874.5,1,460754.28,-3902857.8,1,460709.6,-3902844.8,1,460670.47,-3902836.2,1,460590.88,-3902825.8,1,460433.47,-3902801.8,1,460221.3,-3902767.8,1,460020.38,-3902737.8,1,459898.1,-3902720.0,1,459818.88,-3902708.5,1,459630.0,-3902681.0,1,459424.06,-3902652.5,1,459264.38,-3902629.0,1,459130.75,-3902610.2,1,458901.03,-3902576.2,1,458847.53,-3902568.5,1,458825.8,-3902565.2,1,458807.25,-3902562.8,1,458655.4,-3902541.2,1,458474.8,-3902514.5,1,458448.88,-3902510.5,1,458305.78,-3902489.8,1,458174.5,-3902470.5,1,458157.6,-3902467.8,1,458019.94,-3902446.2,1,457932.3,-3902433.8,1,457843.25,-3902421.0,1,457760.62,-3902408.0,1,457647.1,-3902392.0,1,457547.28,-3902375.5,1,457454.56,-3902359.5,1,457383.47,-3902341.0,1,457335.66,-3902326.8,1,457278.0,-3902304.5,1,457231.62,-3902284.2,1,457104.9,-3902228.0,1,456970.84,-3902163.5,1,456903.97,-3902131.5,1,456733.47,-3902049.8,1,456498.25,-3901937.5,1,456390.72,-3901887.5,1,456295.3,-3901841.8,1,456259.47,-3901823.8,1,456216.66,-3901803.8,1,456202.72,-3901797.2,1,456188.84,-3901790.2,1,456053.4,-3901724.8
11_2_â°ïlê¸_ìåì˙ñ{ó∑ãqìSìπ,0,490115.5,-3921285.8,1,490254.94,-3921465.8
11_2_ëäñÕê¸_ìåì˙ñ{ó∑ãqìSìπ,0,467080.94,-3917701.5,1,467075.06,-3917630.8
12_4_ñ{ê¸_ëäñÕìSìπ,0,487930.16,-3918656.5,1,488042.97,-3918733.2
11_2_â°ïlê¸_ìåì˙ñ{ó∑ãqìSìπ,0,481598.6,-3925513.5,1,481277.84,-3925718.0,1,480773.2,-3926039.2,1,480753.47,-3926051.8,1,480687.1,-3926094.0,1,480315.12,-3926331.5,1,480182.94,-3926416.0,1,479984.28,-3926539.5,1,479937.3,-3926568.5,1,479861.34,-3926617.0,1,479746.72,-3926688.0,1,479687.12,-3926713.2,1,479679.6,-3926716.5
13_4_ç|çıê¸_î†ç™ìoéRìSìπ,0,436018.72,-3896107.8,1,435950.28,-3896079.5
12_4_ñ{ê¸_ëäñÕìSìπ,0,470565.56,-3920242.5,1,470614.16,-3920262.0,1,470631.16,-3920270.0,1,470655.06,-3920281.0,1,470677.6,-3920293.0,1,470724.7,-3920319.0,1,470743.16,-3920331.5,1,470757.6,-3920340.0,1,470804.44,-3920371.2,1,470834.72,-3920393.0,1,470849.72,-3920403.8,1,470859.0,-3920410.2,1,470866.34,-3920415.8,1,470910.38,-3920447.5,1,470993.7,-3920508.2,1,471017.16,-3920525.5,1,471076.34,-3920568.8,1,471159.75,-3920631.0,1,471228.94,-3920675.8,1,471246.94,-3920686.2,1,471267.38,-3920695.0,1,471287.38,-3920702.0,1,471301.34,-3920707.2,1,471324.16,-3920713.8,1,471335.4,-3920716.5,1,471348.03,-3920717.5,1,471364.34,-3920718.2,1,471377.7,-3920718.8,1,471396.2,-3920718.8,1,471561.5,-3920713.8
12_3_3çÜê¸_â°ïlés,0,482981.16,-3931353.8,1,483092.2,-3931332.5
12_4_ç]Émìáê¸_è¨ìcã}ìdìS,0,475642.2,-3908698.5,1,475646.6,-3908623.2
12_4_ìåâ°ê¸_ìåãûã}çsìdìS,0,490009.06,-3925067.2,1,490019.03,-3924987.5,1,490034.0,-3924895.8
11_2_ìåäCìπê¸_ìåì˙ñ{ó∑ãqìSìπ,0,480946.38,-3907855.5,1,480901.8,-3907712.2,1,480859.47,-3907576.5
12_4_êÄéqê¸_ãûïlã}çsìdìS,0,485361.47,-3901018.5,1,485362.94,-3901025.5,1,485365.12,-3901039.8,1,485368.9,-3901055.8,1,485372.56,-3901073.5,1,485375.5,-3901088.5,1,485380.7,-3901105.5,1,485385.8,-3901123.2,1,485393.12,-3901142.8,1,485399.06,-3901158.8
12_4_ç]Émìáê¸_è¨ìcã}ìdìS,0,472296.78,-3926739.0,1,472291.06,-3926772.2,1,472284.03,-3926807.2,1,472274.88,-3926868.5,1,472271.47,-3926913.0,1,472271.62,-3926957.0,1,472276.1,-3927001.8,1,472282.7,-3927044.5,1,472292.12,-3927078.5,1,472304.47,-3927115.5,1,472316.8,-3927147.0,1,472335.5,-3927182.8,1,472351.38,-3927212.5,1,472405.5,-3927297.2
11_2_íﬂå©ê¸_ìåì˙ñ{ó∑ãqìSìπ,0,494523.2,-3923522.0,1,494578.56,-3923453.8
12_4_ç]ÉmìáìdìSê¸_ç]ÉmìáìdìS,0,481863.72,-3903159.5,1,481815.4,-3903143.8
12_4_ìSìπê¸_î†ç™ìoéRìSìπ,0,441969.0,-3894528.0,1,441941.16,-3894499.0,1,441918.62,-3894477.5,1,441904.9,-3894464.8,1,441891.66,-3894455.8,1,441867.47,-3894446.8,1,441835.7,-3894431.2,1,441784.97,-3894409.2,1,441762.06,-3894398.5,1,441744.47,-3894393.8,1,441725.16,-3894391.8,1,441711.97,-3894392.2,1,441694.78,-3894396.0,1,441680.38,-3894403.8,1,441656.25,-3894420.0,1,441640.16,-3894432.2,1,441626.12,-3894444.5,1,441615.16,-3894454.0,1,441600.3,-3894466.8,1,441587.25,-3894483.8,1,441559.25,-3894504.2,1,441529.97,-3894518.8,1,441492.2,-3894532.5,1,441467.66,-3894540.2,1,441358.88,-3894575.2,1,441337.0,-3894582.2,1,441313.28,-3894590.2,1,441288.78,-3894598.5,1,441279.78,-3894601.8,1,441261.62,-3894608.5,1,441243.38,-3894615.2,1,441239.56,-3894616.8,1,441191.25,-3894632.2,1,441164.47,-3894638.5,1,441129.03,-3894648.5,1,441126.03,-3894649.8,1,441123.03,-3894651.0
11_2_ìåäCìπê¸_ìåì˙ñ{ó∑ãqìSìπ,0,495566.7,-3926864.2,1,495524.6,-3926818.2,1,495414.1,-3926703.5,1,495304.44,-3926595.0,1,495186.88,-3926476.0,1,495154.66,-3926442.2,1,495089.97,-3926375.0,1,495014.12,-3926301.5,1,494949.62,-3926233.5,1,494872.44,-3926152.2,1,494803.56,-3926081.5,1,494730.72,-3926008.0,1,494668.94,-3925944.5,1,494577.2,-3925839.2,1,494481.56,-3925734.2,1,494444.9,-3925692.0,1,494410.5,-3925644.0,1,494391.38,-3925617.5,1,494374.75,-3925589.8,1,494342.7,-3925524.8,1,494289.12,-3925418.5,1,494279.6,-3925400.0,1,494241.9,-3925313.0,1,494207.94,-3925226.2,1,494173.16,-3925140.0
24_5_ã‡ëÚÉVÅ[ÉTÉCÉhÉâÉCÉì_â°ïlêVìsésåí ,0,491063.94,-3908987.2,1,491047.75,-3909138.5,1,491047.2,-3909488.2,1,491044.5,-3909633.0
12_4_ãvó¢ïlê¸_ãûïlã}çsìdìS,0,492048.22,-3889418.8,1,492058.6,-3889429.0,1,492105.06,-3889474.5,1,492162.56,-3889533.2,1,492179.3,-3889549.5,1,492284.28,-3889653.2,1,492301.7,-3889670.5,1,492338.97,-3889708.8,1,492379.6,-3889749.2,1,492423.06,-3889798.5,1,492433.56,-3889811.0,1,492457.16,-3889843.5,1,492475.28,-3889865.5,1,492535.8,-3889945.0,1,492558.22,-3889972.8,1,492590.75,-3890017.2,1,492624.38,-3890061.0,1,492667.7,-3890116.2,1,492751.4,-3890200.2,1,492768.8,-3890216.2,1,492771.8,-3890219.0,1,492855.25,-3890293.8,1,492984.06,-3890402.0
11_2_ìåäCìπê¸_ìåì˙ñ{ó∑ãqìSìπ,0,492722.56,-3922798.2,1,492784.8,-3922848.2,1,492854.44,-3922913.8,1,492883.56,-3922944.0,1,492905.0,-3922969.8,1,492925.78,-3922998.0,1,492942.7,-3923025.2,1,492970.22,-3923074.0,1,492977.2,-3923087.0
12_4_ëÂétê¸_ãûïlã}çsìdìS,0,499879.22,-3927861.2,1,499598.9,-3927856.5,1,499397.94,-3927860.5
12_4_ìcâÄìsésê¸_ìåãûã}çsìdìS,0,483527.72,-3932411.2,1,483463.44,-3932398.5,1,483425.0,-3932383.0,1,483368.22,-3932354.8
14_4_ç]ÇÃìáê¸_è√ìÏÉÇÉmÉåÅ[Éã,0,478430.06,-3903864.0,1,478448.16,-3903876.5,1,478481.5,-3903897.2
11_2_ìåäCìπê¸_ìåì˙ñ{ó∑ãqìSìπ,0,464179.56,-3904779.0,1,464077.12,-3904756.0,1,464066.2,-3904753.5,1,463873.34,-3904710.5,1,463739.34,-3904680.2,1,463635.25,-3904658.2,1,463573.7,-3904647.5
12_3_1çÜê¸_â°ïlés,0,476496.22,-3913151.8,1,476564.3,-3913181.5
12_4_Ç¢Ç∏Ç›ñÏê¸_ëäñÕìSìπ,0,477745.8,-3916026.0,1,477801.0,-3916013.8,1,477921.0,-3915986.5,1,477998.06,-3915973.5,1,478094.6,-3915960.0,1,478178.84,-3915959.8,1,478246.6,-3915970.5,1,478308.16,-3915987.5,1,478502.47,-3916043.5,1,478623.9,-3916076.8
12_4_ñ{ê¸_ëäñÕìSìπ,0,482691.2,-3921097.0,1,482765.2,-3921124.2,1,482793.7,-3921139.5,1,482806.5,-3921149.8,1,482816.6,-3921156.5,1,482831.5,-3921170.5,1,482892.78,-3921232.2,1,482920.84,-3921263.5,1,482946.56,-3921287.2,1,482979.9,-3921312.8,1,483003.62,-3921327.2,1,483043.22,-3921345.0,1,483257.38,-3921379.8,1,483322.8,-3921390.8,1,483433.12,-3921402.5,1,483592.0,-3921410.5,1,483621.03,-3921410.8,1,483641.62,-3921411.0,1,483784.5,-3921410.2,1,483936.0,-3921404.0
12_4_êÄéqê¸_ãûïlã}çsìdìS,0,488228.56,-3904248.5,1,488293.97,-3904284.0,1,488315.53,-3904295.8,1,488341.34,-3904309.8,1,488410.12,-3904351.2,1,488492.16,-3904398.2,1,488538.47,-3904425.0,1,488611.03,-3904467.0,1,488636.97,-3904483.5,1,488709.2,-3904526.8,1,488742.22,-3904545.5,1,488777.3,-3904566.8,1,488801.4,-3904582.0,1,488827.0,-3904604.0,1,488844.62,-3904618.2,1,488860.0,-3904633.2,1,488870.3,-3904644.0,1,488881.3,-3904656.2,1,488891.6,-3904669.8,1,488911.34,-3904694.5,1,488925.2,-3904713.2,1,488934.75,-3904725.5,1,488950.16,-3904754.8
12_4_ç]Émìáê¸_è¨ìcã}ìdìS,0,472564.03,-3926141.0,1,472471.53,-3926345.8,1,472369.0,-3926582.0,1,472296.78,-3926739.0
12_4_ñ{ê¸_ãûïlã}çsìdìS,0,486860.06,-3913703.5,1,486864.0,-3913548.0,1,486872.06,-3913467.8,1,486882.34,-3913418.2,1,486904.38,-3913335.5,1,486944.8,-3913231.8,1,487003.1,-3913099.5,1,487033.4,-3913031.2,1,487063.56,-3912978.5,1,487073.34,-3912963.0,1,487082.16,-3912949.0,1,487115.78,-3912914.0,1,487182.44,-3912852.0,1,487241.75,-3912795.2,1,487258.78,-3912776.2,1,487280.2,-3912752.5,1,487317.97,-3912696.5,1,487372.88,-3912602.5,1,487391.53,-3912569.5,1,487395.16,-3912562.0,1,487437.75,-3912509.0,1,487470.03,-3912482.2,1,487502.34,-3912462.2,1,487540.2,-3912446.2,1,487603.47,-3912430.2,1,487776.94,-3912383.5,1,487789.47,-3912378.8,1,487845.1,-3912361.2,1,487900.1,-3912336.0,1,487935.2,-3912310.0,1,487955.78,-3912291.5,1,487988.8,-3912259.8,1,488029.97,-3912215.2,1,488047.03,-3912196.0,1,488064.44,-3912176.2,1,488068.7,-3912171.5
12_4_ñ{ê¸_ãûïlã}çsìdìS,0,488950.16,-3904754.8,1,488946.0,-3904722.2,1,488940.16,-3904696.5,1,488931.4,-3904661.8,1,488921.1,-3904626.2,1,488910.7,-3904592.0,1,488896.8,-3904539.2,1,488890.78,-3904514.5,1,488884.28,-3904486.2,1,488876.88,-3904455.0,1,488872.5,-3904433.0,1,488868.1,-3904411.5,1,488865.16,-3904384.0,1,488862.84,-3904357.2,1,488864.34,-3904326.2,1,488865.6,-3904306.0,1,488873.47,-3904260.0,1,488877.06,-3904242.0,1,488886.12,-3904208.2,1,488899.25,-3904171.0,1,488924.1,-3904120.2,1,488954.75,-3904056.2,1,488989.0,-3903986.8,1,489002.88,-3903956.8,1,489018.28,-3903926.8,1,489038.7,-3903887.8,1,489049.66,-3903867.2,1,489059.94,-3903852.2,1,489081.06,-3903821.8,1,489100.03,-3903798.8,1,489118.38,-3903778.2,1,489125.62,-3903769.5,1,489131.9,-3903764.0,1,489170.6,-3903734.2,1,489185.12,-3903721.5,1,489197.2,-3903711.0,1,489243.6,-3903673.5,1,489289.38,-3903637.5,1,489318.88,-3903609.8,1,489345.38,-3903579.2,1,489361.16,-3903555.5,1,489386.03,-3903520.0
12_4_Ç±Ç«Ç‡ÇÃçëê¸_ìåãûã}çsìdìS,0,477470.25,-3927381.8,1,477445.3,-3927387.5,1,477412.44,-3927399.2,1,477392.97,-3927409.0,1,477378.84,-3927419.8,1,477364.75,-3927437.0,1,477338.03,-3927477.0,1,477325.84,-3927503.5,1,477321.2,-3927522.5,1,477319.25,-3927547.8,1,477322.03,-3927574.0,1,477328.8,-3927602.5,1,477339.62,-3927640.2,1,477379.03,-3927769.2,1,477425.75,-3927929.2,1,477432.7,-3927953.2,1,477463.8,-3928065.8,1,477466.72,-3928075.2,1,477477.44,-3928110.0,1,477501.97,-3928208.0,1,477546.22,-3928360.0,1,477553.0,-3928383.5,1,477565.88,-3928427.8,1,477578.06,-3928476.0,1,477579.5,-3928500.5,1,477577.56,-3928524.2,1,477538.2,-3928659.0,1,477519.5,-3928728.5,1,477515.53,-3928738.2,1,477499.3,-3928777.2,1,477488.06,-3928798.5,1,477475.22,-3928816.0,1,477448.38,-3928845.0
12_4_ñ{ê¸_ëäñÕìSìπ,0,485460.03,-3920158.8,1,485561.97,-3920070.0,1,485621.97,-3920024.2,1,485633.56,-3920015.5,1,485645.34,-3920006.5,1,485692.72,-3919970.2,1,485899.03,-3919838.8
12_4_ç]ÉmìáìdìSê¸_ç]ÉmìáìdìS,0,476721.28,-3904782.0,1,476714.62,-3904876.8,1,476714.88,-3904967.5,1,476716.88,-3905075.0,1,476723.97,-3905150.0,1,476733.84,-3905212.8,1,476748.34,-3905293.2
12_4_êÄéqê¸_ãûïlã}çsìdìS,0,485361.47,-3901018.5,1,485362.94,-3901025.5,1,485365.12,-3901039.8,1,485368.9,-3901055.8,1,485372.56,-3901073.5,1,485375.5,-3901088.5,1,485380.7,-3901105.5,1,485385.8,-3901123.2,1,485393.12,-3901142.8,1,485399.06,-3901158.8
12_4_ëäñÕå¥ê¸_ãûâ§ìdìS,0,466045.78,-3935059.2,1,466040.88,-3935051.5,1,466001.03,-3934986.2,1,465952.47,-3934909.5,1,465935.62,-3934886.8,1,465900.5,-3934843.8,1,465853.2,-3934789.5,1,465815.97,-3934753.2,1,465788.34,-3934726.5,1,465731.1,-3934680.0,1,465673.72,-3934644.0,1,465616.44,-3934613.0,1,465521.7,-3934568.0,1,465463.97,-3934542.5,1,465345.94,-3934499.8,1,465099.4,-3934417.0,1,464973.3,-3934374.5,1,464854.84,-3934334.8,1,464729.03,-3934292.5,1,464534.1,-3934229.5,1,464493.62,-3934215.2,1,464458.1,-3934207.8,1,464412.78,-3934201.8,1,464390.03,-3934200.2,1,464353.62,-3934200.2,1,464324.53,-3934204.0,1,464294.5,-3934210.2,1,464262.47,-3934218.2,1,464232.97,-3934230.2,1,464206.12,-3934243.2,1,464155.97,-3934272.8,1,464134.72,-3934287.5,1,464081.16,-3934324.2,1,464038.97,-3934355.8
12_4_Ç¢Ç∏Ç›ñÏê¸_ëäñÕìSìπ,0,480100.66,-3917198.2,1,480104.94,-3917211.8,1,480121.6,-3917264.8,1,480158.5,-3917381.5,1,480401.97,-3918100.8,1,480440.94,-3918247.0,1,480495.56,-3918451.5,1,480498.16,-3918478.0,1,480493.62,-3918553.2
12_4_Ç¢Ç∏Ç›ñÏê¸_ëäñÕìSìπ,0,480047.9,-3917074.5,1,480059.6,-3917103.0,1,480075.38,-3917140.5,1,480100.66,-3917198.2
12_4_ìSìπê¸_î†ç™ìoéRìSìπ,0,436946.28,-3896499.5,1,436954.3,-3896465.8
12_4_è¨ìcå¥ê¸_è¨ìcã}ìdìS,0,444974.97,-3904771.5,1,445052.03,-3904575.2,1,445137.97,-3904345.5,1,445178.16,-3904238.2,1,445256.78,-3904032.5,1,445308.7,-3903896.5,1,445441.6,-3903551.0,1,445482.94,-3903444.5,1,445512.53,-3903346.2,1,445539.94,-3903232.2,1,445561.7,-3903086.0
12_4_ìcâÄìsésê¸_ìåãûã}çsìdìS,0,482987.9,-3931474.0,1,482981.84,-3931435.8,1,482974.78,-3931393.5
12_4_ìcâÄìsésê¸_ìåãûã}çsìdìS,0,488081.62,-3934798.2,1,488094.03,-3934809.2,1,488116.62,-3934828.2,1,488143.56,-3934850.2,1,488182.1,-3934878.5,1,488213.62,-3934897.5,1,488223.34,-3934902.5
11_2_ìåäCìπê¸_ìåì˙ñ{ó∑ãqìSìπ,0,456053.4,-3901724.8,1,455825.56,-3901615.2
11_2_íÜâõê¸_ìåì˙ñ{ó∑ãqìSìπ,0,449835.28,-3936956.0,1,450033.06,-3936890.2
12_5_Ç›Ç»Ç∆Ç›ÇÁÇ¢ê¸_â°ïlçÇë¨ìSìπ,0,489651.44,-3919616.0,1,489734.47,-3919608.8,1,489782.53,-3919591.8,1,489826.97,-3919569.0,1,489862.4,-3919537.8,1,490061.7,-3919231.0
12_4_ëäñÕå¥ê¸_ãûâ§ìdìS,0,480942.97,-3938620.5,1,480959.03,-3938625.5,1,480988.94,-3938636.5,1,481005.7,-3938643.2,1,481020.28,-3938649.0,1,481032.78,-3938655.2,1,481050.2,-3938664.5,1,481078.12,-3938681.5,1,481096.78,-3938695.2,1,481125.28,-3938720.8,1,481132.8,-3938727.5
12_3_3çÜê¸_â°ïlés,0,489034.44,-3919912.0,1,489017.62,-3919956.0,1,489002.78,-3920000.2,1,488987.22,-3920042.0,1,488969.6,-3920083.2
11_2_íﬂå©ê¸_ìåì˙ñ{ó∑ãqìSìπ,0,495785.22,-3923521.0,1,495829.3,-3923540.5
11_2_íﬂå©ê¸_ìåì˙ñ{ó∑ãqìSìπ,0,496810.8,-3924016.0,1,496872.22,-3924043.0
12_4_ç]Émìáê¸_è¨ìcã}ìdìS,0,474943.62,-3914212.2,1,474933.66,-3914091.0
12_4_ñ{ê¸_ëäñÕìSìπ,0,485978.34,-3919792.2,1,486031.47,-3919765.8,1,486138.47,-3919717.2,1,486226.5,-3919675.5,1,486329.6,-3919632.0,1,486415.38,-3919592.2,1,486482.1,-3919548.5,1,486492.06,-3919542.0,1,486584.34,-3919415.8,1,486689.75,-3919273.2
24_5_ã‡ëÚÉVÅ[ÉTÉCÉhÉâÉCÉì_â°ïlêVìsésåí ,0,490213.28,-3910568.2,1,490140.72,-3910586.8
12_4_ç]Émìáê¸_è¨ìcã}ìdìS,0,474890.06,-3916412.8,1,474896.78,-3916541.2,1,474905.88,-3916705.0,1,474911.12,-3916805.0,1,474913.06,-3916841.8,1,474915.16,-3916879.5,1,474923.16,-3917040.2,1,474923.53,-3917048.0,1,474931.06,-3917214.5,1,474936.66,-3917328.5,1,474939.44,-3917385.8,1,474946.6,-3917538.0,1,474959.1,-3917751.0,1,474963.16,-3917848.5,1,474973.1,-3918083.8,1,474976.16,-3918147.8,1,474984.8,-3918323.8
12_3_1çÜê¸_â°ïlés,0,488776.47,-3916655.8,1,488703.0,-3916629.5,1,488635.9,-3916608.0,1,488600.66,-3916592.8,1,488573.94,-3916560.2,1,488504.84,-3916470.8,1,488483.4,-3916449.2,1,488449.4,-3916413.0,1,488377.25,-3916345.8,1,488300.44,-3916275.5,1,488227.12,-3916209.8,1,488179.7,-3916168.5
14_4_ç]ÇÃìáê¸_è√ìÏÉÇÉmÉåÅ[Éã,0,477690.1,-3903655.5,1,477662.28,-3903659.8,1,477646.47,-3903660.5,1,477628.47,-3903661.5,1,477601.1,-3903660.0,1,477578.28,-3903652.2,1,477561.16,-3903641.0,1,477546.22,-3903626.8,1,477536.72,-3903613.8,1,477525.47,-3903580.5,1,477515.47,-3903549.2,1,477498.3,-3903490.2,1,477490.1,-3903467.0,1,477476.1,-3903439.8,1,477465.62,-3903425.0,1,477434.2,-3903397.0,1,477318.72,-3903314.0,1,477313.44,-3903310.0
12_4_ãvó¢ïlê¸_ãûïlã}çsìdìS,0,490211.3,-3888308.8,1,490258.2,-3888358.8,1,490282.78,-3888381.8,1,490309.03,-3888405.5,1,490363.06,-3888450.0,1,490401.34,-3888480.5,1,490433.53,-3888505.8,1,490440.44,-3888510.8,1,490476.9,-3888537.8,1,490499.3,-3888553.0,1,490554.53,-3888588.0,1,490581.75,-3888604.0,1,490593.7,-3888610.5,1,490625.94,-3888628.5,1,490668.3,-3888650.0,1,490724.06,-3888675.8,1,490755.66,-3888691.0,1,490804.3,-3888713.8,1,490832.53,-3888725.8,1,490914.25,-3888761.5,1,491026.1,-3888807.5,1,491076.66,-3888830.2,1,491112.1,-3888846.5,1,491167.03,-3888869.2,1,491294.1,-3888927.2,1,491334.44,-3888944.0,1,491420.16,-3888982.5,1,491511.97,-3889023.5,1,491543.94,-3889037.8,1,491566.53,-3889047.0,1,491597.12,-3889063.2,1,491626.28,-3889077.8,1,491651.7,-3889091.8,1,491693.03,-3889116.2,1,491723.66,-3889136.8,1,491748.8,-3889153.2,1,491773.12,-3889170.5,1,491793.25,-3889185.8,1,491810.94,-3889200.5,1,491826.97,-3889214.8,1,491844.28,-3889229.5,1,491924.66,-3889306.2,1,491931.94,-3889311.8
12_4_êÄéqê¸_ãûïlã}çsìdìS,0,488983.8,-3905084.5,1,488981.1,-3905229.8
12_4_ìåâ°ê¸_ìåãûã}çsìdìS,0,492545.8,-3932068.5,1,492524.66,-3932015.0,1,492518.75,-3931999.0,1,492516.66,-3931993.5,1,492491.34,-3931932.8,1,492484.88,-3931915.8,1,492481.25,-3931906.0,1,492416.06,-3931748.0,1,492406.9,-3931726.5,1,492271.3,-3931386.5,1,492192.4,-3931193.5,1,492180.4,-3931160.2,1,492174.7,-3931147.8
12_4_ñ{ê¸_ëäñÕìSìπ,0,487930.16,-3918656.5,1,488042.97,-3918733.2
12_4_ñ{ê¸_ãûïlã}çsìdìS,0,489869.03,-3909031.8,1,489855.8,-3909146.2
12_3_1çÜê¸_â°ïlés,0,489519.22,-3916964.2,1,489587.06,-3917000.2,1,489625.84,-3917020.8,1,489683.22,-3917053.5,1,489707.66,-3917067.5,1,489849.06,-3917142.5,1,489873.84,-3917155.5,1,489917.72,-3917178.8,1,489932.97,-3917186.8,1,489935.53,-3917188.0,1,489960.22,-3917200.2,1,490078.56,-3917261.5
12_4_ëÂóYéRê¸_à…ì§î†ç™ìSìπ,0,444101.28,-3902056.5,1,444057.94,-3902120.2,1,444047.47,-3902133.5,1,444040.75,-3902147.0,1,444036.38,-3902162.5,1,444035.66,-3902193.8,1,444034.22,-3902268.8,1,444034.12,-3902531.8,1,444034.16,-3902634.8,1,444034.2,-3902730.5,1,444027.66,-3902817.0,1,444020.1,-3902889.0,1,444007.97,-3902942.0,1,443987.7,-3903002.2,1,443943.38,-3903095.5,1,443734.9,-3903487.8,1,443721.53,-3903512.2,1,443717.0,-3903517.8,1,443683.8,-3903545.0,1,443646.06,-3903572.2,1,443612.38,-3903590.5,1,443566.9,-3903604.8,1,443442.25,-3903631.2,1,443393.34,-3903643.0
11_2_ìåäCìπê¸_ìåì˙ñ{ó∑ãqìSìπ,0,446811.25,-3897149.5,1,446953.28,-3897366.2,1,446980.44,-3897407.0,1,446985.38,-3897412.8,1,446997.47,-3897426.5,1,447051.62,-3897489.8,1,447080.66,-3897523.8,1,447113.72,-3897562.2,1,447157.78,-3897614.0,1,447243.78,-3897714.5,1,447274.47,-3897750.8,1,447385.12,-3897880.0,1,447407.66,-3897906.5,1,447712.47,-3898263.5,1,447726.84,-3898280.2,1,447861.9,-3898438.5,1,448129.5,-3898751.8,1,448169.34,-3898798.5,1,448250.25,-3898886.2,1,448307.66,-3898937.5,1,448346.7,-3898970.0,1,448392.72,-3899003.2,1,448444.75,-3899037.0,1,448539.06,-3899079.5,1,448615.5,-3899104.2,1,448674.6,-3899115.5,1,448752.2,-3899130.5,1,448767.28,-3899133.5,1,448783.4,-3899136.5,1,448794.78,-3899138.8
12_4_ãvó¢ïlê¸_ãûïlã}çsìdìS,0,496449.12,-3894209.5,1,496464.0,-3894314.0,1,496474.5,-3894381.0,1,496484.34,-3894450.5,1,496487.0,-3894471.2,1,496489.75,-3894500.8,1,496491.03,-3894515.0,1,496492.47,-3894531.0,1,496491.22,-3894559.5,1,496488.22,-3894589.5,1,496479.6,-3894650.2,1,496471.62,-3894683.2,1,496459.8,-3894714.2,1,496448.16,-3894737.8,1,496427.7,-3894771.0,1,496414.44,-3894791.0,1,496380.4,-3894833.0,1,496336.56,-3894884.2,1,496284.1,-3894937.8,1,496265.0,-3894954.2,1,496136.5,-3895066.2,1,496111.66,-3895084.5,1,496013.7,-3895162.2,1,495923.03,-3895236.2,1,495842.34,-3895301.5,1,495810.44,-3895323.8,1,495772.03,-3895347.2,1,495736.38,-3895363.8,1,495690.8,-3895385.0,1,495580.28,-3895428.5,1,495531.1,-3895444.8,1,495518.62,-3895449.2,1,495490.3,-3895459.2,1,495436.66,-3895478.8,1,495349.6,-3895509.0,1,495290.4,-3895533.8,1,495241.47,-3895552.0,1,495204.44,-3895571.5,1,495176.34,-3895588.8,1,495148.06,-3895610.8,1,495129.88,-3895626.2,1,495120.03,-3895635.0,1,495110.22,-3895647.2,1,495096.22,-3895666.5,1,495085.12,-3895685.5,1,495077.5,-3895701.0,1,495062.97,-3895738.0,1,495037.8,-3895803.8,1,495023.38,-3895858.8,1,495011.03,-3895924.5,1,494999.97,-3896005.5
13_4_ëÂéRç|çıê¸_ëÂéRäœåıìdìS,0,454566.7,-3916180.5,1,454497.56,-3916226.0,1,454463.9,-3916251.2,1,454463.66,-3916251.5,1,454292.1,-3916380.0
12_4_ëÂétê¸_ãûïlã}çsìdìS,0,497442.44,-3927688.2,1,497348.06,-3927695.5
12_4_ãvó¢ïlê¸_ãûïlã}çsìdìS,0,496449.12,-3894209.5,1,496464.0,-3894314.0,1,496474.5,-3894381.0,1,496484.34,-3894450.5,1,496487.0,-3894471.2,1,496489.75,-3894500.8,1,496491.03,-3894515.0,1,496492.47,-3894531.0,1,496491.22,-3894559.5,1,496488.22,-3894589.5,1,496479.6,-3894650.2,1,496471.62,-3894683.2,1,496459.8,-3894714.2,1,496448.16,-3894737.8,1,496427.7,-3894771.0,1,496414.44,-3894791.0,1,496380.4,-3894833.0,1,496336.56,-3894884.2,1,496284.1,-3894937.8,1,496265.0,-3894954.2,1,496136.5,-3895066.2,1,496111.66,-3895084.5,1,496013.7,-3895162.2,1,495923.03,-3895236.2,1,495842.34,-3895301.5,1,495810.44,-3895323.8,1,495772.03,-3895347.2,1,495736.38,-3895363.8,1,495690.8,-3895385.0,1,495580.28,-3895428.5,1,495531.1,-3895444.8,1,495518.62,-3895449.2,1,495490.3,-3895459.2,1,495436.66,-3895478.8,1,495349.6,-3895509.0,1,495290.4,-3895533.8,1,495241.47,-3895552.0,1,495204.44,-3895571.5,1,495176.34,-3895588.8,1,495148.06,-3895610.8,1,495129.88,-3895626.2,1,495120.03,-3895635.0,1,495110.22,-3895647.2,1,495096.22,-3895666.5,1,495085.12,-3895685.5,1,495077.5,-3895701.0,1,495062.97,-3895738.0,1,495037.8,-3895803.8,1,495023.38,-3895858.8,1,495011.03,-3895924.5,1,494999.97,-3896005.5
11_2_ëäñÕê¸_ìåì˙ñ{ó∑ãqìSìπ,0,467263.5,-3925949.0,1,467299.4,-3925851.5
11_2_â°ê{âÍê¸_ìåì˙ñ{ó∑ãqìSìπ,0,482641.88,-3903744.5,1,482641.2,-3903763.0,1,482642.66,-3903812.2,1,482643.47,-3903862.8,1,482646.28,-3903903.0,1,482648.44,-3903932.2,1,482653.34,-3903976.2
24_5_ã‡ëÚÉVÅ[ÉTÉCÉhÉâÉCÉì_â°ïlêVìsésåí ,0,490390.12,-3906343.8,1,490336.62,-3906290.5,1,490283.16,-3906236.0,1,490267.4,-3906218.0,1,490255.03,-3906199.8,1,490238.38,-3906173.0,1,490217.06,-3906139.0,1,490137.6,-3906012.0,1,490107.8,-3905960.2,1,490095.8,-3905934.5,1,490089.6,-3905915.8,1,490084.03,-3905891.5,1,490077.9,-3905864.2
11_2_ìÏïêê¸_ìåì˙ñ{ó∑ãqìSìπ,0,493274.97,-3931855.2,1,493303.6,-3931736.5
12_4_ëÂétê¸_ãûïlã}çsìdìS,0,499327.88,-3927860.5,1,499095.06,-3927855.8,1,498871.34,-3927850.0,1,498850.3,-3927850.0,1,498832.53,-3927846.8,1,498645.62,-3927778.2
12_4_ëÂétê¸_ãûïlã}çsìdìS,0,497348.06,-3927695.5,1,497244.2,-3927718.8,1,497216.2,-3927724.5,1,497188.72,-3927733.8,1,497143.5,-3927760.8,1,497121.9,-3927771.2,1,497085.75,-3927770.8,1,497034.53,-3927772.5,1,496959.75,-3927765.2,1,496896.72,-3927753.5,1,496846.03,-3927738.2,1,496754.38,-3927701.8,1,496697.0,-3927673.8,1,496514.75,-3927583.2,1,496397.22,-3927515.0,1,496370.75,-3927505.8
12_3_1çÜê¸_â°ïlés,0,481313.06,-3912907.0,1,481266.3,-3912905.8,1,481238.25,-3912902.2,1,481190.47,-3912895.8
11_2_ëäñÕê¸_ìåì˙ñ{ó∑ãqìSìπ,0,469527.03,-3905115.2,1,469608.3,-3905149.2,1,469701.12,-3905188.0
12_4_ñ{ê¸_ãûïlã}çsìdìS,0,489271.22,-3917179.0,1,489164.9,-3917136.2
24_5_ã‡ëÚÉVÅ[ÉTÉCÉhÉâÉCÉì_â°ïlêVìsésåí ,0,490844.22,-3906266.8,1,490785.72,-3906357.0,1,490753.5,-3906408.2,1,490740.06,-3906426.8,1,490730.2,-3906437.8,1,490721.2,-3906446.5,1,490707.94,-3906458.2,1,490697.4,-3906464.8,1,490684.22,-3906471.5,1,490671.34,-3906476.0,1,490655.62,-3906481.0,1,490635.0,-3906485.8,1,490620.0,-3906487.8,1,490605.0,-3906487.8,1,490590.1,-3906486.2,1,490574.03,-3906484.0,1,490550.75,-3906476.8,1,490530.2,-3906466.8,1,490512.84,-3906456.2,1,490491.8,-3906440.8,1,490446.8,-3906397.2
12_4_ìåâ°ê¸_ìåãûã}çsìdìS,0,489888.75,-3926357.8,1,489887.53,-3926346.2,1,489886.97,-3926316.2,1,489886.94,-3926275.8,1,489888.06,-3926245.5
12_4_ëÂóYéRê¸_à…ì§î†ç™ìSìπ,0,443317.44,-3903658.0,1,443357.66,-3903650.5,1,443393.34,-3903643.0
12_5_Ç›Ç»Ç∆Ç›ÇÁÇ¢ê¸_â°ïlçÇë¨ìSìπ,0,490061.7,-3919231.0,1,490175.66,-3919055.5
12_4_ç]Émìáê¸_è¨ìcã}ìdìS,0,475426.47,-3904075.5,1,475416.06,-3904096.2,1,475387.75,-3904148.2,1,475353.34,-3904223.5,1,475340.53,-3904263.0,1,475335.53,-3904288.2,1,475332.12,-3904305.2,1,475328.75,-3904334.5,1,475326.56,-3904364.8,1,475326.7,-3904420.0,1,475334.03,-3904472.2,1,475348.16,-3904524.5,1,475371.6,-3904584.5,1,475395.9,-3904634.2,1,475420.22,-3904675.8,1,475457.53,-3904727.5,1,475470.66,-3904745.5,1,475531.12,-3904818.5,1,475623.03,-3904932.8,1,475789.8,-3905138.2
12_4_ç]ÉmìáìdìSê¸_ç]ÉmìáìdìS,0,476956.78,-3902945.8,1,476912.75,-3902969.5
12_4_ìcâÄìsésê¸_ìåãûã}çsìdìS,0,479631.44,-3928571.5,1,479512.5,-3928564.0,1,479427.16,-3928550.0,1,479343.53,-3928529.8,1,479331.75,-3928527.0,1,479252.8,-3928498.0,1,479168.06,-3928450.5,1,479087.62,-3928398.8,1,479052.9,-3928367.0,1,478959.6,-3928268.2,1,478803.44,-3928102.0,1,478761.8,-3928054.2,1,478578.94,-3927856.8
12_4_ìcâÄìsésê¸_ìåãûã}çsìdìS,0,485696.44,-3933233.8,1,485827.2,-3933249.2,1,485901.78,-3933258.8,1,485939.8,-3933262.0,1,486010.62,-3933280.5,1,486039.25,-3933291.0,1,486120.38,-3933322.2,1,486231.66,-3933380.8,1,486259.84,-3933396.0,1,486281.7,-3933407.0
12_4_ëÂétê¸_ãûïlã}çsìdìS,0,499956.2,-3927861.8,1,499976.66,-3927862.5,1,500033.22,-3927858.5,1,500058.62,-3927852.5,1,500111.38,-3927832.8,1,500162.6,-3927811.8,1,500343.53,-3927721.8,1,500491.4,-3927658.8,1,500526.56,-3927651.8
11_2_ìÏïêê¸_ìåì˙ñ{ó∑ãqìSìπ,0,491074.66,-3932682.2,1,491186.84,-3932602.0,1,491271.06,-3932544.8,1,491426.62,-3932446.2,1,491474.34,-3932417.5,1,491477.78,-3932415.5,1,491531.22,-3932386.2,1,491596.4,-3932359.8,1,491653.66,-3932342.5,1,491702.66,-3932329.0,1,491779.94,-3932313.2,1,491868.1,-3932300.0,1,491930.06,-3932292.8,1,491981.88,-3932288.2,1,492029.62,-3932288.0,1,492168.25,-3932287.0,1,492246.0,-3932284.5,1,492461.38,-3932284.8,1,492560.84,-3932283.0
12_4_êÄéqê¸_ãûïlã}çsìdìS,0,488164.16,-3904210.5,1,488228.56,-3904248.5
11_2_å‰ìaèÍê¸_ìåäCó∑ãqìSìπ,0,436117.6,-3909335.8,1,436143.4,-3909257.8,1,436143.84,-3909256.5
11_2_ìåäCìπê¸_ìåì˙ñ{ó∑ãqìSìπ,0,441627.22,-3884803.8,1,441557.2,-3884769.5,1,441518.44,-3884748.5,1,441490.28,-3884731.8,1,441454.88,-3884708.8,1,441419.8,-3884685.8,1,441383.2,-3884656.2,1,441356.16,-3884633.2,1,441312.75,-3884595.5,1,441289.47,-3884573.8
12_4_ç]Émìáê¸_è¨ìcã}ìdìS,0,474648.47,-3920419.0,1,474612.6,-3920505.2,1,474596.38,-3920544.0,1,474570.4,-3920606.5
11_2_â°ê{âÍê¸_ìåì˙ñ{ó∑ãqìSìπ,0,482653.34,-3903976.2,1,482656.2,-3903997.2,1,482666.0,-3904080.2,1,482671.66,-3904151.2,1,482678.06,-3904255.8,1,482680.25,-3904306.8,1,482678.97,-3904357.5,1,482674.22,-3904393.5,1,482670.1,-3904411.2,1,482657.7,-3904449.8,1,482642.6,-3904484.2,1,482627.56,-3904512.8,1,482606.9,-3904546.2,1,482588.97,-3904574.0,1,482560.7,-3904612.2,1,482549.72,-3904626.5,1,482531.12,-3904656.0,1,482499.9,-3904722.0,1,482488.16,-3904751.2,1,482481.62,-3904766.8,1,482474.16,-3904807.0,1,482472.03,-3904830.2,1,482470.28,-3904865.5
12_3_1çÜê¸_â°ïlés,0,476564.3,-3913181.5,1,476579.22,-3913188.2,1,476612.66,-3913202.2,1,476785.03,-3913276.0,1,477055.1,-3913389.2,1,477103.97,-3913410.0,1,477307.97,-3913501.5,1,477345.06,-3913523.5,1,477387.8,-3913553.2,1,477422.84,-3913582.0,1,477454.34,-3913610.0,1,477478.1,-3913632.5,1,477503.12,-3913660.8,1,477532.38,-3913697.2,1,477554.6,-3913728.0,1,477575.56,-3913757.2,1,477608.0,-3913804.5,1,477646.22,-3913866.8,1,477671.4,-3913919.2,1,477780.53,-3914143.8,1,477796.4,-3914174.8,1,477823.5,-3914215.0,1,477851.62,-3914247.8,1,477890.1,-3914280.5,1,477943.22,-3914313.2,1,477998.28,-3914339.8,1,478038.8,-3914354.8,1,478091.88,-3914368.5
12_4_ñ{ê¸_ãûïlã}çsìdìS,0,488965.88,-3918979.8,1,489014.9,-3918852.2,1,489041.38,-3918770.0,1,489074.06,-3918629.5,1,489110.53,-3918467.2,1,489123.97,-3918413.8,1,489149.5,-3918365.5,1,489155.5,-3918357.2,1,489182.75,-3918321.5,1,489219.1,-3918275.8,1,489248.8,-3918236.8,1,489285.44,-3918200.0,1,489321.78,-3918159.2,1,489384.78,-3918093.5,1,489423.03,-3918054.2,1,489458.84,-3918019.5,1,489476.97,-3918001.0,1,489492.72,-3917984.0,1,489523.0,-3917947.0,1,489536.78,-3917928.0,1,489550.2,-3917906.0,1,489558.94,-3917881.8,1,489575.44,-3917849.2,1,489578.5,-3917843.2
12_4_Ç¢Ç∏Ç›ñÏê¸_ëäñÕìSìπ,0,480483.0,-3918639.2,1,480469.8,-3918703.0,1,480435.8,-3918808.8,1,480412.62,-3918865.5,1,480341.88,-3919047.2,1,480339.34,-3919126.8,1,480346.06,-3919179.2,1,480359.53,-3919225.8,1,480367.53,-3919242.0,1,480414.7,-3919314.0,1,480450.47,-3919358.5,1,480487.94,-3919401.8,1,480555.28,-3919454.2,1,480634.44,-3919502.0,1,480673.12,-3919528.2
12_4_ç]Émìáê¸_è¨ìcã}ìdìS,0,472353.6,-3927256.0,1,472329.06,-3927237.5,1,472295.25,-3927212.2,1,472267.25,-3927190.5,1,472249.25,-3927174.8,1,472237.06,-3927158.2,1,472224.75,-3927137.2,1,472213.84,-3927098.0,1,472204.1,-3927053.0,1,472202.25,-3927040.5,1,472201.75,-3927030.2,1,472201.4,-3927006.0,1,472203.5,-3926978.0,1,472208.4,-3926952.0,1,472213.34,-3926935.2,1,472223.3,-3926909.0,1,472234.84,-3926884.2,1,472268.25,-3926808.2,1,472296.78,-3926739.0
11_2_â°ïlê¸_ìåì˙ñ{ó∑ãqìSìπ,0,484262.47,-3925044.2,1,484107.1,-3925013.2
11_2_íﬂå©ê¸_ìåì˙ñ{ó∑ãqìSìπ,0,496395.8,-3923814.0,1,496452.4,-3923840.5,1,496571.34,-3923898.5,1,496608.25,-3923916.5,1,496637.47,-3923929.8,1,496655.78,-3923938.5,1,496673.84,-3923948.0,1,496675.75,-3923949.0,1,496690.72,-3923957.0,1,496717.2,-3923970.2,1,496753.12,-3923987.2
24_5_ã‡ëÚÉVÅ[ÉTÉCÉhÉâÉCÉì_â°ïlêVìsésåí ,0,491565.1,-3907234.8,1,491567.84,-3907159.5
12_4_ìcâÄìsésê¸_ìåãûã}çsìdìS,0,483527.72,-3932411.2,1,483571.3,-3932418.2,1,483598.12,-3932422.8,1,483622.25,-3932426.5,1,483765.06,-3932431.8,1,483773.47,-3932432.2,1,483818.5,-3932433.5,1,483826.4,-3932434.0,1,483888.66,-3932435.0,1,484011.97,-3932440.0,1,484046.6,-3932441.5,1,484065.62,-3932442.2,1,484141.62,-3932446.0,1,484342.44,-3932452.2,1,484395.62,-3932454.8,1,484427.78,-3932456.2,1,484435.84,-3932456.5,1,484497.22,-3932464.2,1,484534.2,-3932473.2,1,484576.34,-3932492.2,1,484615.16,-3932512.5,1,484655.62,-3932540.2,1,484705.16,-3932583.5
12_4_ñ{ê¸_ëäñÕìSìπ,0,478427.9,-3920237.8,1,478480.8,-3920210.8,1,478531.72,-3920174.5,1,478574.9,-3920129.5,1,478576.9,-3920127.2,1,478597.72,-3920105.0,1,478661.12,-3920021.5,1,478742.0,-3919886.8,1,478816.3,-3919772.2,1,478856.94,-3919726.2,1,478914.62,-3919672.5,1,478989.53,-3919619.0,1,479061.47,-3919573.2,1,479118.28,-3919545.8,1,479238.78,-3919504.0
13_4_ç|çıê¸_î†ç™ìoéRìSìπ,0,436525.3,-3896322.8,1,436486.9,-3896307.0,1,436466.75,-3896298.8
12_4_ìSìπê¸_î†ç™ìoéRìSìπ,0,444266.28,-3895932.0,1,444339.44,-3895946.5
11_2_íÜâõê¸_ìåì˙ñ{ó∑ãqìSìπ,0,447179.9,-3936697.2,1,447268.3,-3936699.5,1,447321.06,-3936703.2,1,447379.8,-3936713.0,1,447432.6,-3936725.8,1,447490.75,-3936742.8,1,447529.34,-3936759.8,1,447547.22,-3936767.8,1,447606.66,-3936800.2,1,447652.47,-3936828.5,1,447670.2,-3936839.5
11_2_ç™ä›ê¸_ìåì˙ñ{ó∑ãqìSìπ,0,489899.44,-3918500.5,1,489712.0,-3918787.0,1,489706.66,-3918795.0,1,489702.4,-3918801.2,1,489627.3,-3918912.0,1,489466.88,-3919154.8,1,489405.75,-3919248.0,1,489303.12,-3919403.2,1,489215.28,-3919538.2,1,489151.06,-3919634.5,1,489138.2,-3919660.2,1,489130.34,-3919682.5,1,489125.1,-3919700.0,1,489120.16,-3919755.0,1,489118.66,-3919773.5,1,489119.97,-3919808.8,1,489131.03,-3919880.0,1,489143.5,-3919917.2
12_4_ñ{ê¸_ãûïlã}çsìdìS,0,489204.0,-3919984.2,1,489341.72,-3920199.0
12_4_ãvó¢ïlê¸_ãûïlã}çsìdìS,0,495128.94,-3897594.5,1,495150.56,-3897573.0,1,495181.84,-3897545.5,1,495210.28,-3897521.8,1,495239.66,-3897495.5,1,495250.94,-3897484.5,1,495265.4,-3897473.0,1,495289.75,-3897444.2,1,495300.03,-3897431.0,1,495308.22,-3897418.0,1,495316.47,-3897403.5,1,495326.75,-3897385.0,1,495335.2,-3897368.0,1,495339.1,-3897358.5,1,495346.0,-3897341.0,1,495351.62,-3897319.0,1,495361.34,-3897279.8,1,495364.97,-3897257.5,1,495369.6,-3897230.8,1,495371.4,-3897208.5,1,495372.38,-3897160.5,1,495373.47,-3897133.2,1,495373.44,-3897117.5,1,495373.06,-3897082.8,1,495370.22,-3897052.5,1,495368.4,-3897035.5,1,495365.12,-3897018.8
13_4_ëÂéRç|çıê¸_ëÂéRäœåıìdìS,0,454918.9,-3915950.5,1,454878.97,-3915966.8
12_4_ãvó¢ïlê¸_ãûïlã}çsìdìS,0,490211.3,-3888308.8,1,490258.2,-3888358.8,1,490282.78,-3888381.8,1,490309.03,-3888405.5,1,490363.06,-3888450.0,1,490401.34,-3888480.5,1,490433.53,-3888505.8,1,490440.44,-3888510.8,1,490476.9,-3888537.8,1,490499.3,-3888553.0,1,490554.53,-3888588.0,1,490581.75,-3888604.0,1,490593.7,-3888610.5,1,490625.94,-3888628.5,1,490668.3,-3888650.0,1,490724.06,-3888675.8,1,490755.66,-3888691.0,1,490804.3,-3888713.8,1,490832.53,-3888725.8,1,490914.25,-3888761.5,1,491026.1,-3888807.5,1,491076.66,-3888830.2,1,491112.1,-3888846.5,1,491167.03,-3888869.2,1,491294.1,-3888927.2,1,491334.44,-3888944.0,1,491420.16,-3888982.5,1,491511.97,-3889023.5,1,491543.94,-3889037.8,1,491566.53,-3889047.0,1,491597.12,-3889063.2,1,491626.28,-3889077.8,1,491651.7,-3889091.8,1,491693.03,-3889116.2,1,491723.66,-3889136.8,1,491748.8,-3889153.2,1,491773.12,-3889170.5,1,491793.25,-3889185.8,1,491810.94,-3889200.5,1,491826.97,-3889214.8,1,491844.28,-3889229.5,1,491924.66,-3889306.2,1,491931.94,-3889311.8
11_2_íﬂå©ê¸_ìåì˙ñ{ó∑ãqìSìπ,0,497517.8,-3924897.2,1,497594.34,-3924915.5,1,497633.0,-3924924.2,1,497648.94,-3924925.5,1,497654.75,-3924925.8,1,497669.34,-3924925.8,1,497717.7,-3924920.8,1,497780.88,-3924910.8,1,497849.9,-3924902.8,1,497911.47,-3924896.8,1,497973.4,-3924893.5,1,498043.78,-3924891.2,1,498160.84,-3924886.2,1,498204.72,-3924884.5,1,498226.94,-3924882.2,1,498241.9,-3924876.5,1,498256.4,-3924866.8,1,498267.47,-3924852.0,1,498279.44,-3924837.5,1,498295.75,-3924816.8,1,498309.8,-3924793.8,1,498336.28,-3924751.8,1,498371.47,-3924684.8,1,498397.12,-3924638.0,1,498409.06,-3924611.8
12_3_1çÜê¸_â°ïlés,0,482806.78,-3913076.0,1,482671.7,-3913042.2
12_4_ç]Émìáê¸_è¨ìcã}ìdìS,0,474887.8,-3916289.8,1,474891.06,-3916187.8,1,474900.06,-3916025.8,1,474902.8,-3915976.0,1,474908.34,-3915875.8,1,474909.9,-3915847.5,1,474917.38,-3915697.0,1,474922.75,-3915607.2,1,474927.97,-3915522.8,1,474929.1,-3915501.5,1,474935.03,-3915388.2,1,474940.78,-3915297.2,1,474950.22,-3915144.8,1,474956.1,-3915001.0,1,474958.16,-3914961.8,1,474971.53,-3914708.2,1,474973.8,-3914650.5,1,474973.34,-3914608.5,1,474963.22,-3914434.2,1,474943.62,-3914212.2
12_4_ñ{ê¸_ëäñÕìSìπ,0,479238.78,-3919504.0,1,479406.8,-3919452.2
12_3_3çÜê¸_â°ïlés,0,489363.84,-3919191.0,1,489275.44,-3919323.0
12_4_ç]Émìáê¸_è¨ìcã}ìdìS,0,475466.25,-3903997.5,1,475426.47,-3904075.5
11_2_ç™ä›ê¸_ìåì˙ñ{ó∑ãqìSìπ,0,480978.94,-3907876.5,1,480937.62,-3907720.5,1,480908.3,-3907609.8
11_2_å‰ìaèÍê¸_ìåäCó∑ãqìSìπ,0,432567.03,-3908461.5,1,432848.12,-3908357.2,1,432989.28,-3908303.2,1,433113.25,-3908256.2,1,433234.66,-3908221.8,1,433312.4,-3908216.2,1,433358.84,-3908220.0,1,433419.1,-3908233.0,1,433472.5,-3908252.5,1,433586.84,-3908317.0,1,433685.62,-3908370.8,1,433841.8,-3908452.8,1,433903.84,-3908485.5,1,433984.0,-3908527.5,1,434042.12,-3908557.0,1,434120.8,-3908596.5,1,434205.66,-3908629.8,1,434260.7,-3908662.2,1,434309.47,-3908700.5,1,434378.7,-3908783.5,1,434408.4,-3908832.0,1,434427.2,-3908879.0,1,434441.78,-3908926.5,1,434472.62,-3909044.5,1,434503.28,-3909123.2,1,434533.0,-3909185.2,1,434535.3,-3909190.0,1,434573.97,-3909245.5,1,434578.47,-3909253.5,1,434619.6,-3909324.5,1,434677.66,-3909438.8,1,434689.66,-3909462.2,1,434702.75,-3909488.0,1,434714.0,-3909510.0,1,434743.62,-3909550.2,1,434762.12,-3909569.5,1,434772.75,-3909583.8,1,434805.97,-3909616.5,1,434883.66,-3909668.0,1,434919.5,-3909687.5,1,434940.2,-3909696.0,1,434979.56,-3909699.0,1,435055.12,-3909708.5,1,435128.0,-3909710.2,1,435216.28,-3909707.0,1,435327.47,-3909693.2,1,435402.25,-3909679.2,1,435517.25,-3909654.8,1,435616.84,-3909633.0,1,435652.16,-3909628.2,1,435903.7,-3909571.0,1,435928.03,-3909559.0,1,435978.06,-3909528.2,1,436027.03,-3909489.0,1,436061.94,-3909454.2,1,436091.1,-3909414.0,1,436102.62,-3909388.2,1,436117.6,-3909335.8
12_4_ìåâ°ê¸_ìåãûã}çsìdìS,0,492781.44,-3932651.8,1,492721.97,-3932502.0,1,492634.44,-3932289.0
12_4_ëÂétê¸_ãûïlã}çsìdìS,0,496370.75,-3927505.8,1,496301.38,-3927424.8
11_2_ëäñÕê¸_ìåì˙ñ{ó∑ãqìSìπ,0,465695.12,-3928923.5,1,465651.56,-3928981.0,1,465612.25,-3929034.8,1,465574.34,-3929095.0,1,465546.72,-3929154.0,1,465534.0,-3929190.8,1,465522.62,-3929249.0,1,465524.1,-3929320.8,1,465526.62,-3929344.2,1,465528.7,-3929365.2,1,465534.78,-3929391.2,1,465540.66,-3929410.5,1,465561.34,-3929461.8,1,465596.88,-3929555.8,1,465625.6,-3929628.0,1,465631.0,-3929640.5,1,465645.0,-3929676.0,1,465654.97,-3929699.0,1,465668.6,-3929732.5,1,465677.66,-3929755.0,1,465716.0,-3929848.8,1,465748.9,-3929941.2,1,465765.8,-3930001.0,1,465767.5,-3930018.8,1,465768.72,-3930047.8,1,465765.16,-3930118.0,1,465762.2,-3930145.5,1,465756.97,-3930175.0,1,465750.53,-3930197.5,1,465739.28,-3930222.8
12_3_1çÜê¸_â°ïlés,0,487373.88,-3915378.5,1,487358.03,-3915339.2,1,487339.06,-3915287.2,1,487325.94,-3915240.5
12_4_ç]ÉmìáìdìSê¸_ç]ÉmìáìdìS,0,478944.3,-3902417.0,1,478920.84,-3902409.5,1,478909.1,-3902407.0,1,478887.75,-3902405.2,1,478843.56,-3902403.8,1,478809.75,-3902405.5,1,478761.47,-3902407.2,1,478738.66,-3902408.2,1,478687.66,-3902410.0,1,478664.22,-3902411.8,1,478643.5,-3902416.0,1,478617.4,-3902423.5,1,478586.44,-3902434.5,1,478557.47,-3902443.8,1,478544.38,-3902444.8,1,478515.38,-3902443.0,1,478490.53,-3902442.2,1,478453.9,-3902444.8,1,478432.56,-3902448.2,1,478378.03,-3902454.2,1,478348.4,-3902457.8,1,478327.7,-3902460.2,1,478251.78,-3902472.2,1,478206.25,-3902477.2,1,478182.8,-3902479.0,1,478127.28,-3902482.0
11_2_íÜâõê¸_ìåì˙ñ{ó∑ãqìSìπ,0,450033.06,-3936890.2,1,450069.53,-3936883.0,1,450080.5,-3936881.5,1,450097.06,-3936881.0,1,450121.34,-3936881.0,1,450145.44,-3936883.2,1,450174.88,-3936886.5,1,450206.8,-3936894.5
11_2_ìÏïêê¸_ìåì˙ñ{ó∑ãqìSìπ,0,493968.94,-3929546.5,1,493999.53,-3929463.2
11_2_íÜâõê¸_ìåì˙ñ{ó∑ãqìSìπ,0,446501.1,-3936806.0,1,446628.16,-3936788.0
11_2_ìåäCìπê¸_ìåì˙ñ{ó∑ãqìSìπ,0,496396.4,-3927705.2,1,496415.62,-3927723.2,1,496442.9,-3927748.2,1,496457.44,-3927765.2,1,496483.62,-3927798.5,1,496535.78,-3927873.5,1,496569.34,-3927921.8,1,496739.4,-3928166.5,1,496840.28,-3928314.0,1,496898.5,-3928403.8,1,496940.12,-3928479.5,1,496966.53,-3928529.5,1,496976.12,-3928553.8,1,496987.03,-3928595.0,1,497009.8,-3928692.2
12_4_ëÂóYéRê¸_à…ì§î†ç™ìSìπ,0,446086.66,-3899671.2,1,445978.53,-3899792.5,1,445978.1,-3899793.2,1,445881.88,-3899898.5,1,445532.44,-3900257.0,1,445282.2,-3900513.0
12_4_è¨ìcå¥ê¸_è¨ìcã}ìdìS,0,471080.12,-3925505.0,1,471054.16,-3925470.0,1,470860.78,-3925208.2,1,470761.34,-3925077.5,1,470591.72,-3924847.5,1,470472.12,-3924687.2,1,470466.03,-3924679.0,1,470384.12,-3924569.5,1,470333.56,-3924502.0,1,470296.75,-3924449.8,1,470243.8,-3924374.8,1,470212.47,-3924330.2,1,470136.94,-3924225.2,1,470112.8,-3924194.5,1,470094.7,-3924171.5,1,470070.53,-3924138.2,1,469980.4,-3924015.5,1,469947.72,-3923970.0,1,469942.16,-3923962.5,1,469937.22,-3923955.5,1,469908.88,-3923915.0,1,469865.72,-3923860.5
11_2_ìåäCìπê¸_ìåì˙ñ{ó∑ãqìSìπ,0,445057.62,-3890966.5,1,445050.62,-3890953.8,1,445015.0,-3890888.8,1,444953.1,-3890783.5,1,444895.34,-3890673.2,1,444884.8,-3890650.5,1,444867.62,-3890606.2,1,444861.4,-3890588.2,1,444857.97,-3890576.2,1,444855.72,-3890566.0,1,444853.62,-3890552.2,1,444852.6,-3890534.0,1,444855.7,-3890487.5,1,444869.47,-3890434.0,1,444897.7,-3890341.8,1,444903.9,-3890320.2,1,444923.7,-3890187.8,1,444924.94,-3890167.5,1,444922.94,-3890139.0,1,444921.53,-3890119.8,1,444918.06,-3890071.5,1,444916.22,-3889991.5,1,444910.1,-3889883.8,1,444909.03,-3889860.2,1,444908.3,-3889745.0,1,444900.97,-3889585.0,1,444895.3,-3889475.8,1,444888.38,-3889370.2,1,444885.9,-3889326.5,1,444879.75,-3889284.8,1,444874.62,-3889266.2,1,444867.28,-3889242.2,1,444862.4,-3889232.5,1,444859.53,-3889226.8,1,444798.56,-3889099.5,1,444727.44,-3888944.2,1,444713.47,-3888911.0,1,444691.75,-3888861.0,1,444650.1,-3888764.2,1,444631.78,-3888718.8,1,444620.5,-3888688.8,1,444609.53,-3888654.0,1,444604.44,-3888636.2,1,444595.8,-3888595.5,1,444588.75,-3888546.0,1,444583.62,-3888481.5,1,444580.6,-3888434.8,1,444580.34,-3888420.5,1,444581.8,-3888394.8,1,444582.56,-3888382.8,1,444587.5,-3888343.8,1,444595.72,-3888287.8,1,444604.97,-3888247.2,1,444624.9,-3888189.8,1,444660.25,-3888102.5,1,444701.1,-3888020.8,1,444761.88,-3887922.2,1,444834.9,-3887804.2,1,444885.22,-3887720.8,1,444930.72,-3887640.2,1,444943.4,-3887617.5,1,444949.28,-3887606.5,1,444958.62,-3887588.8,1,444991.0,-3887518.5,1,444996.56,-3887503.2,1,445002.78,-3887479.8,1,445007.2,-3887469.5,1,445018.22,-3887444.2,1,445025.4,-3887427.0,1,445033.62,-3887400.5,1,445038.0,-3887384.2,1,445042.03,-3887362.5,1,445045.0,-3887341.2,1,445048.2,-3887307.0,1,445048.8,-3887294.0,1,445049.16,-3887275.0,1,445049.0,-3887247.0,1,445048.5,-3887227.8,1,445046.38,-3887192.2,1,445042.75,-3887165.2,1,445037.16,-3887126.8,1,445032.47,-3887103.2,1,445026.9,-3887076.5,1,445020.28,-3887050.5,1,445012.12,-3887025.2,1,445003.97,-3887001.8,1,444995.8,-3886979.8,1,444986.94,-3886959.0,1,444978.78,-3886935.8,1,444972.9,-3886912.2,1,444968.6,-3886889.0,1,444964.62,-3886869.8,1,444959.9,-3886840.5,1,444954.25,-3886793.0,1,444952.2,-3886770.0,1,444949.75,-3886744.2,1,444944.4,-3886689.8,1,444939.62,-3886651.5,1,444936.1,-3886627.0,1,444931.72,-3886610.0,1,444917.75,-3886571.8,1,444902.7,-3886539.5,1,444889.97,-3886514.2,1,444862.12,-3886471.5,1,444841.72,-3886441.8,1,444839.4,-3886438.5,1,444814.44,-3886406.2,1,444779.72,-3886360.0,1,444748.6,-3886317.8,1,444707.47,-3886264.0,1,444670.2,-3886214.8,1,444642.8,-3886177.0,1,444635.9,-3886168.2
11_2_ìÏïêê¸_ìåì˙ñ{ó∑ãqìSìπ,0,496146.84,-3925871.0,1,496219.28,-3925813.2
12_4_è¨ìcå¥ê¸_è¨ìcã}ìdìS,0,463985.06,-3914843.5,1,463894.2,-3914755.5
12_4_ñ{ê¸_ãûïlã}çsìdìS,0,491091.03,-3900232.5,1,491112.6,-3900225.5,1,491123.03,-3900220.2,1,491140.5,-3900212.8,1,491163.03,-3900203.2,1,491183.12,-3900192.2,1,491202.75,-3900176.5,1,491250.8,-3900139.2,1,491270.25,-3900121.2,1,491319.78,-3900077.0,1,491338.03,-3900059.5,1,491369.2,-3900034.0,1,491390.72,-3900012.2,1,491469.4,-3899942.2,1,491522.12,-3899897.8,1,491561.9,-3899870.5,1,491585.97,-3899838.2,1,491687.75,-3899748.8,1,491703.66,-3899734.8,1,491755.34,-3899693.2,1,491778.44,-3899673.5,1,491822.7,-3899637.5,1,491826.5,-3899635.5,1,491829.78,-3899633.2,1,491832.3,-3899631.8,1,491849.7,-3899619.0,1,491873.88,-3899605.0
12_3_1çÜê¸_â°ïlés,0,484640.8,-3912964.2,1,484572.3,-3913009.8,1,484554.72,-3913020.0,1,484480.97,-3913053.0,1,484384.38,-3913068.2,1,484314.56,-3913068.5,1,484266.78,-3913064.8,1,484221.1,-3913053.5,1,484168.66,-3913032.0,1,484130.22,-3913019.2,1,483977.44,-3912988.0,1,483884.97,-3912980.8,1,483834.12,-3912982.0,1,483789.47,-3912984.5,1,483731.28,-3912997.2,1,483587.34,-3913037.0,1,483504.3,-3913066.2
11_2_ìÏïêê¸_ìåì˙ñ{ó∑ãqìSìπ,0,493999.53,-3929463.2,1,494037.88,-3929370.0,1,494077.7,-3929255.8,1,494109.34,-3929170.2,1,494165.2,-3929019.5,1,494255.4,-3928780.0,1,494341.9,-3928549.8,1,494453.38,-3928234.0
11_2_íﬂå©ê¸_ìåì˙ñ{ó∑ãqìSìπ,0,498409.06,-3924611.8,1,498414.16,-3924601.5,1,498421.03,-3924580.0,1,498426.56,-3924561.2,1,498430.0,-3924534.0
11_2_ìåäCìπê¸_ìåì˙ñ{ó∑ãqìSìπ,0,492977.2,-3923087.0,1,492991.34,-3923095.2,1,493009.78,-3923109.8,1,493040.72,-3923144.5,1,493077.78,-3923185.5,1,493140.94,-3923249.5,1,493276.75,-3923383.5
11_2_ìåäCìπê¸_ìåì˙ñ{ó∑ãqìSìπ,0,492977.2,-3923087.0,1,492991.34,-3923095.2,1,493009.78,-3923109.8,1,493040.72,-3923144.5,1,493077.78,-3923185.5,1,493140.94,-3923249.5,1,493276.75,-3923383.5
11_2_â°ïlê¸_ìåì˙ñ{ó∑ãqìSìπ,0,477601.56,-3927336.0,1,477672.94,-3927339.2,1,477700.3,-3927340.5,1,477782.2,-3927344.2
12_4_ìåâ°ê¸_ìåãûã}çsìdìS,0,489480.38,-3921049.2,1,489483.75,-3921064.5,1,489492.22,-3921096.8,1,489492.5,-3921097.8,1,489504.97,-3921131.8,1,489517.5,-3921154.2,1,489543.78,-3921192.2,1,489570.03,-3921224.5,1,489745.06,-3921413.0,1,489802.0,-3921478.2,1,489822.0,-3921503.2,1,489851.97,-3921545.0,1,489867.0,-3921576.0,1,489887.66,-3921634.0,1,489894.56,-3921662.0,1,489899.6,-3921698.0,1,489902.72,-3921732.8,1,489899.06,-3921779.5,1,489894.1,-3921811.2,1,489877.3,-3921896.2,1,489866.6,-3921949.2,1,489865.6,-3921953.8
12_4_ñ{ê¸_ëäñÕìSìπ,0,471561.5,-3920713.8,1,471601.7,-3920712.5,1,471604.94,-3920712.5,1,471633.7,-3920711.8,1,471767.22,-3920706.8
12_4_ëÂóYéRê¸_à…ì§î†ç™ìSìπ,0,444800.88,-3900994.8,1,444731.16,-3901070.5
12_4_ëäñÕå¥ê¸_ãûâ§ìdìS,0,479835.28,-3938542.2,1,479851.66,-3938544.0,1,479893.6,-3938547.8,1,479932.0,-3938550.5,1,479944.94,-3938552.5,1,480024.2,-3938558.8,1,480108.88,-3938567.0,1,480154.25,-3938570.5,1,480215.38,-3938577.0,1,480271.06,-3938579.8,1,480284.8,-3938580.5,1,480371.66,-3938583.0,1,480537.72,-3938589.5,1,480644.03,-3938592.8,1,480697.9,-3938594.0,1,480776.34,-3938596.8,1,480820.62,-3938598.0,1,480856.28,-3938601.5,1,480892.7,-3938606.0,1,480917.62,-3938612.8,1,480942.97,-3938620.5
12_4_ñ{ê¸_ãûïlã}çsìdìS,0,488597.47,-3910950.5,1,488630.53,-3910872.8,1,488794.0,-3910489.0,1,488829.66,-3910405.2,1,488842.34,-3910379.0,1,488874.6,-3910313.8,1,488896.62,-3910272.2,1,488928.56,-3910234.0,1,488979.8,-3910182.8,1,489022.62,-3910144.0,1,489043.06,-3910128.8,1,489078.1,-3910103.5,1,489087.44,-3910096.8,1,489106.75,-3910082.8,1,489139.53,-3910059.2,1,489216.03,-3910002.2,1,489340.28,-3909928.0,1,489371.97,-3909917.8,1,489436.28,-3909900.5,1,489494.66,-3909883.2,1,489532.25,-3909872.0,1,489562.3,-3909858.8,1,489613.22,-3909818.0,1,489715.75,-3909713.2,1,489757.0,-3909666.8,1,489771.16,-3909636.2,1,489786.2,-3909593.8,1,489801.9,-3909521.5,1,489811.0,-3909463.8,1,489833.47,-3909318.5,1,489848.4,-3909202.8,1,489851.75,-3909177.2,1,489855.8,-3909146.2
12_3_1çÜê¸_â°ïlés,0,486803.9,-3913863.2,1,486797.5,-3913716.0
11_2_ëäñÕê¸_ìåì˙ñ{ó∑ãqìSìπ,0,468280.47,-3921518.8,1,468310.78,-3921445.5
11_2_ìåäCìπê¸_ìåì˙ñ{ó∑ãqìSìπ,0,485320.88,-3917968.2,1,485670.2,-3917911.2,1,486104.16,-3917834.5,1,486130.28,-3917831.5,1,486368.25,-3917787.0,1,486518.97,-3917764.2,1,486717.3,-3917730.2,1,486812.5,-3917727.0,1,486891.94,-3917744.2,1,486921.0,-3917753.8,1,486945.88,-3917764.0,1,486977.66,-3917780.0,1,487012.28,-3917802.5,1,487040.97,-3917818.0,1,487066.25,-3917834.2,1,487087.22,-3917853.8
12_4_ç]Émìáê¸_è¨ìcã}ìdìS,0,472353.6,-3927256.0,1,472329.06,-3927237.5,1,472295.25,-3927212.2,1,472267.25,-3927190.5,1,472249.25,-3927174.8,1,472237.06,-3927158.2,1,472224.75,-3927137.2,1,472213.84,-3927098.0,1,472204.1,-3927053.0,1,472202.25,-3927040.5,1,472201.75,-3927030.2,1,472201.4,-3927006.0,1,472203.5,-3926978.0,1,472208.4,-3926952.0,1,472213.34,-3926935.2,1,472223.3,-3926909.0,1,472234.84,-3926884.2,1,472268.25,-3926808.2,1,472296.78,-3926739.0
12_4_ç]Émìáê¸_è¨ìcã}ìdìS,0,475890.34,-3907034.0,1,475896.6,-3907019.5,1,475908.4,-3906995.8,1,475920.62,-3906973.2,1,475937.34,-3906942.8,1,475959.5,-3906896.5,1,475968.72,-3906876.0,1,476011.72,-3906789.0,1,476023.28,-3906761.2,1,476032.6,-3906736.8,1,476047.25,-3906688.5,1,476053.56,-3906663.2,1,476070.75,-3906574.2,1,476084.53,-3906491.5,1,476089.72,-3906461.8,1,476100.47,-3906403.8,1,476103.7,-3906385.0,1,476107.28,-3906364.0,1,476128.25,-3906256.8,1,476136.78,-3906214.5,1,476148.78,-3906148.5,1,476152.1,-3906134.5,1,476156.62,-3906121.5,1,476163.94,-3906110.0,1,476179.16,-3906092.2,1,476197.66,-3906073.8,1,476216.78,-3906056.2,1,476276.2,-3906016.5,1,476333.9,-3905977.5,1,476351.94,-3905966.2,1,476368.84,-3905959.2,1,476385.0,-3905955.0,1,476402.53,-3905952.0,1,476416.78,-3905950.2,1,476437.6,-3905950.2,1,476480.22,-3905953.0,1,476507.4,-3905958.2
11_2_â°ê{âÍê¸_ìåì˙ñ{ó∑ãqìSìπ,0,480908.3,-3907609.8,1,480924.9,-3907716.2,1,480946.38,-3907855.5
12_4_ñ{ê¸_ëäñÕìSìπ,0,470374.2,-3920158.0,1,470565.56,-3920242.5
12_4_ãvó¢ïlê¸_ãûïlã}çsìdìS,0,493087.8,-3890501.2,1,493096.2,-3890510.2,1,493142.4,-3890560.0,1,493226.47,-3890650.2,1,493285.7,-3890715.5,1,493303.38,-3890736.0,1,493376.72,-3890816.5,1,493431.2,-3890876.5,1,493482.38,-3890931.2,1,493497.7,-3890946.0,1,493558.44,-3891013.8,1,493592.62,-3891051.2,1,493611.1,-3891071.2,1,493653.1,-3891112.0,1,493693.62,-3891153.8,1,493701.47,-3891161.8,1,493770.78,-3891209.8,1,493825.6,-3891238.0
12_4_êÄéqê¸_ãûïlã}çsìdìS,0,486529.34,-3902443.2,1,486551.4,-3902470.0,1,486562.3,-3902481.5,1,486578.44,-3902496.5,1,486606.28,-3902522.2,1,486622.94,-3902534.8,1,486684.84,-3902581.2,1,486713.94,-3902601.2,1,486827.78,-3902676.0,1,486874.66,-3902705.2,1,486930.34,-3902741.8,1,486980.12,-3902774.5,1,487006.5,-3902793.2,1,487021.88,-3902807.2,1,487046.1,-3902830.5,1,487059.3,-3902845.5,1,487076.88,-3902866.0,1,487090.8,-3902882.8,1,487107.66,-3902906.8,1,487123.06,-3902932.5,1,487133.38,-3902952.8,1,487143.7,-3902978.5,1,487153.25,-3903006.0,1,487163.5,-3903044.2,1,487168.72,-3903074.5,1,487173.12,-3903100.2,1,487175.34,-3903138.5,1,487173.22,-3903177.5,1,487170.34,-3903204.2,1,487165.94,-3903234.2,1,487158.72,-3903256.8,1,487155.8,-3903270.0,1,487149.94,-3903294.8,1,487145.78,-3903309.2,1,487134.0,-3903339.0,1,487125.94,-3903360.5,1,487112.8,-3903398.8,1,487102.6,-3903428.8,1,487097.53,-3903453.8,1,487094.84,-3903475.0,1,487093.94,-3903482.2,1,487095.4,-3903493.8,1,487096.16,-3903507.0,1,487099.1,-3903525.8,1,487103.6,-3903549.8,1,487110.9,-3903576.5,1,487119.75,-3903599.5,1,487125.6,-3903611.8,1,487132.88,-3903628.0,1,487146.8,-3903651.8,1,487164.5,-3903679.8,1,487177.88,-3903703.2,1,487194.0,-3903729.2,1,487207.94,-3903746.0,1,487225.53,-3903768.0,1,487241.62,-3903781.5,1,487270.94,-3903804.5,1,487303.88,-3903826.8,1,487333.88,-3903846.2,1,487358.1,-3903859.5,1,487426.12,-3903897.5,1,487466.44,-3903920.8,1,487525.66,-3903953.0,1,487556.4,-3903969.8,1,487586.22,-3903987.5,1,487655.8,-3904019.5,1,487697.56,-3904038.0,1,487721.03,-3904046.8,1,487755.38,-3904056.8,1,487779.5,-3904063.8,1,487857.06,-3904086.8,1,487919.97,-3904103.5,1,487982.9,-3904122.0,1,488010.72,-3904133.8,1,488026.8,-3904139.0,1,488060.56,-3904152.2,1,488082.47,-3904164.8,1,488128.6,-3904189.5,1,488164.16,-3904210.5
12_4_ç]ÉmìáìdìSê¸_ç]ÉmìáìdìS,0,478079.0,-3902484.8,1,478008.56,-3902487.5,1,477929.9,-3902490.0,1,477902.38,-3902493.5,1,477876.12,-3902495.2,1,477858.22,-3902497.8,1,477807.84,-3902501.2,1,477788.5,-3902502.0,1,477767.5,-3902500.8,1,477742.47,-3902499.0,1,477687.47,-3902490.5,1,477658.2,-3902490.5,1,477641.9,-3902493.5,1,477628.22,-3902499.2,1,477616.97,-3902508.0,1,477611.97,-3902515.5,1,477582.84,-3902571.5,1,477569.16,-3902594.5,1,477561.0,-3902602.0,1,477549.22,-3902608.5,1,477475.75,-3902647.8
11_2_íﬂå©ê¸_ìåì˙ñ{ó∑ãqìSìπ,0,498409.06,-3924611.8,1,498414.16,-3924601.5,1,498421.03,-3924580.0,1,498426.56,-3924561.2,1,498430.0,-3924534.0
11_2_ìåäCìπê¸_ìåì˙ñ{ó∑ãqìSìπ,0,481234.62,-3912690.5,1,481237.3,-3912680.2,1,481271.2,-3912553.2,1,481293.97,-3912462.0,1,481308.3,-3912405.0,1,481322.16,-3912336.5,1,481326.22,-3912250.8,1,481327.44,-3912170.5,1,481318.3,-3912062.2,1,481303.47,-3911874.8,1,481300.7,-3911840.2,1,481281.0,-3911589.5,1,481258.97,-3911302.5,1,481235.9,-3911007.5,1,481223.94,-3910881.5,1,481219.47,-3910835.2,1,481206.4,-3910719.5,1,481196.66,-3910659.8,1,481184.8,-3910600.0,1,481171.8,-3910551.8,1,481131.88,-3910434.0,1,481071.7,-3910280.8,1,480992.5,-3910107.8,1,480982.53,-3910086.0,1,480961.47,-3910042.8,1,480946.78,-3910010.5,1,480919.75,-3909950.8,1,480903.97,-3909915.2,1,480877.16,-3909859.0,1,480855.53,-3909813.5,1,480798.5,-3909658.8,1,480774.84,-3909597.8,1,480760.84,-3909547.0,1,480757.47,-3909505.5,1,480761.66,-3909460.0,1,480774.38,-3909373.2,1,480800.78,-3909235.5,1,480822.28,-3909140.5,1,480835.78,-3909080.8,1,480841.06,-3909047.0,1,480841.03,-3909027.5,1,480838.34,-3908998.8,1,480834.72,-3908964.2,1,480818.12,-3908890.2,1,480805.97,-3908853.8,1,480794.62,-3908820.2,1,480784.38,-3908789.0,1,480762.16,-3908721.2,1,480740.66,-3908656.5,1,480728.7,-3908583.5,1,480724.4,-3908534.8,1,480727.44,-3908463.2,1,480742.3,-3908402.2,1,480766.78,-3908338.2,1,480799.8,-3908279.8,1,480868.2,-3908172.5,1,480918.25,-3908090.5,1,480939.6,-3908041.0,1,480952.3,-3907998.0,1,480956.47,-3907949.8,1,480954.3,-3907909.5,1,480946.38,-3907855.5
11_2_å‰ìaèÍê¸_ìåäCó∑ãqìSìπ,0,446385.75,-3905514.0,1,446535.1,-3905345.8,1,446561.8,-3905315.8,1,446723.16,-3905133.8,1,447179.84,-3904619.0,1,447388.2,-3904385.0
12_4_Ç¢Ç∏Ç›ñÏê¸_ëäñÕìSìπ,0,478623.9,-3916076.8,1,478764.06,-3916116.2
12_4_ìcâÄìsésê¸_ìåãûã}çsìdìS,0,480579.53,-3928626.5,1,480546.72,-3928618.5,1,480521.4,-3928617.0,1,480512.25,-3928616.8,1,480464.22,-3928614.8,1,480173.66,-3928596.5,1,480045.94,-3928597.2,1,479984.84,-3928593.0,1,479942.22,-3928590.5,1,479851.75,-3928585.8,1,479749.22,-3928579.0
11_2_ëäñÕê¸_ìåì˙ñ{ó∑ãqìSìπ,0,465695.12,-3928923.5,1,465651.56,-3928981.0,1,465612.25,-3929034.8,1,465574.34,-3929095.0,1,465546.72,-3929154.0,1,465534.0,-3929190.8,1,465522.62,-3929249.0,1,465524.1,-3929320.8,1,465526.62,-3929344.2,1,465528.7,-3929365.2,1,465534.78,-3929391.2,1,465540.66,-3929410.5,1,465561.34,-3929461.8,1,465596.88,-3929555.8,1,465625.6,-3929628.0,1,465631.0,-3929640.5,1,465645.0,-3929676.0,1,465654.97,-3929699.0,1,465668.6,-3929732.5,1,465677.66,-3929755.0,1,465716.0,-3929848.8,1,465748.9,-3929941.2,1,465765.8,-3930001.0,1,465767.5,-3930018.8,1,465768.72,-3930047.8,1,465765.16,-3930118.0,1,465762.2,-3930145.5,1,465756.97,-3930175.0,1,465750.53,-3930197.5,1,465739.28,-3930222.8
12_4_ç]Émìáê¸_è¨ìcã}ìdìS,0,472570.7,-3927537.2,1,472474.75,-3927411.5
12_4_ñ{ê¸_ëäñÕìSìπ,0,479406.8,-3919452.2,1,479491.22,-3919426.0,1,479538.22,-3919417.8,1,479590.66,-3919417.0,1,479636.84,-3919419.0,1,479686.6,-3919427.8,1,479718.2,-3919433.5,1,479951.22,-3919490.2,1,480131.34,-3919535.2,1,480186.38,-3919546.5,1,480208.78,-3919547.2,1,480236.1,-3919544.8,1,480285.8,-3919538.2,1,480390.03,-3919523.2,1,480460.97,-3919513.8,1,480515.12,-3919506.5,1,480560.5,-3919507.0,1,480605.7,-3919513.8,1,480673.12,-3919528.2
12_4_ëΩñÄê¸_è¨ìcã}ìdìS,0,477601.12,-3934896.5,1,477847.34,-3934794.2,1,477864.8,-3934787.2,1,477883.2,-3934782.8,1,477909.72,-3934778.5,1,477922.94,-3934775.5,1,477943.94,-3934773.0,1,477982.16,-3934770.8,1,478050.66,-3934769.5,1,478093.75,-3934770.8,1,478100.84,-3934771.8,1,478122.66,-3934774.5,1,478144.5,-3934779.0,1,478175.97,-3934786.5,1,478230.9,-3934807.0,1,478287.7,-3934833.0,1,478353.0,-3934871.8,1,478398.72,-3934901.5
11_2_íÜâõê¸_ìåì˙ñ{ó∑ãqìSìπ,0,447179.9,-3936697.2,1,447218.0,-3936689.5,1,447272.9,-3936680.2,1,447306.5,-3936677.5,1,447344.53,-3936677.8,1,447382.25,-3936684.8,1,447467.16,-3936706.8,1,447505.84,-3936721.5,1,447540.8,-3936741.8,1,447575.8,-3936763.0,1,447610.66,-3936787.0,1,447670.2,-3936839.5
12_4_ç]Émìáê¸_è¨ìcã}ìdìS,0,473661.8,-3922739.5,1,473600.66,-3922885.0
12_4_ç]ÉmìáìdìSê¸_ç]ÉmìáìdìS,0,481815.4,-3903143.8,1,481784.66,-3903137.8,1,481694.25,-3903111.2,1,481610.03,-3903086.2,1,481594.2,-3903077.0,1,481565.78,-3903054.5,1,481525.03,-3903036.2,1,481480.2,-3903022.0,1,481446.34,-3903010.2,1,481405.6,-3902996.0,1,481381.12,-3902988.5
12_5_Ç›Ç»Ç∆Ç›ÇÁÇ¢ê¸_â°ïlçÇë¨ìSìπ,0,490366.06,-3918349.0,1,490549.1,-3918255.5
11_2_ìåäCìπê¸_ìåì˙ñ{ó∑ãqìSìπ,0,464179.56,-3904779.0,1,464077.12,-3904756.0,1,464066.2,-3904753.5,1,463873.34,-3904710.5,1,463739.34,-3904680.2,1,463635.25,-3904658.2,1,463573.7,-3904647.5
24_5_ã‡ëÚÉVÅ[ÉTÉCÉhÉâÉCÉì_â°ïlêVìsésåí ,0,490978.06,-3910215.0,1,490936.7,-3910274.5
12_3_3çÜê¸_â°ïlés,0,486166.9,-3927749.0,1,486303.56,-3927710.0
11_2_ëäñÕê¸_ìåì˙ñ{ó∑ãqìSìπ,0,469635.12,-3906200.0,1,469599.12,-3906278.8,1,469564.4,-3906353.5,1,469558.53,-3906367.2,1,469552.88,-3906380.2,1,469542.66,-3906402.2,1,469414.88,-3906684.8,1,469381.75,-3906758.0,1,469259.84,-3907026.5,1,469250.34,-3907047.2,1,469226.56,-3907099.2,1,469142.97,-3907286.8,1,469088.25,-3907412.2,1,469071.78,-3907464.5,1,469053.62,-3907542.2,1,469036.84,-3907635.0,1,469010.03,-3907784.0,1,468978.34,-3907976.5
11_2_ìåäCìπê¸_ìåì˙ñ{ó∑ãqìSìπ,0,494118.3,-3924876.8,1,494114.22,-3924855.0,1,494081.1,-3924679.2,1,494072.9,-3924635.8
11_2_íﬂå©ê¸_ìåì˙ñ{ó∑ãqìSìπ,0,495345.28,-3923366.2,1,495363.5,-3923372.5,1,495604.97,-3923457.2,1,495688.62,-3923485.8,1,495736.34,-3923503.5,1,495785.22,-3923521.0
11_2_ìåäCìπê¸_ìåì˙ñ{ó∑ãqìSìπ,0,493612.75,-3929686.0,1,493668.4,-3929548.0,1,493683.5,-3929507.5,1,493695.8,-3929474.8,1,493729.9,-3929383.2
11_2_ëäñÕê¸_ìåì˙ñ{ó∑ãqìSìπ,0,464186.66,-3934317.8,1,464269.97,-3934265.8,1,464545.3,-3934087.8,1,464598.97,-3934053.0,1,464642.1,-3934025.0
12_4_ìåâ°ê¸_ìåãûã}çsìdìS,0,489238.7,-3920160.5,1,489165.8,-3920064.2
12_4_ëÂóYéRê¸_à…ì§î†ç™ìSìπ,0,446134.2,-3899618.2,1,446086.66,-3899671.2
12_3_3çÜê¸_â°ïlés,0,488719.3,-3924851.5,1,488618.97,-3924960.0,1,488517.38,-3925070.2
12_4_ç]ÉmìáìdìSê¸_ç]ÉmìáìdìS,0,476562.72,-3903404.2,1,476526.28,-3903436.2
11_2_ìåäCìπê¸_ìåì˙ñ{ó∑ãqìSìπ,0,441930.38,-3884974.0,1,441936.06,-3884977.5,1,441958.56,-3884992.0,1,441989.75,-3885011.8,1,442079.12,-3885070.0,1,442109.12,-3885090.5,1,442163.88,-3885131.0,1,442210.9,-3885176.5,1,442244.38,-3885213.0,1,442264.16,-3885241.5,1,442302.12,-3885312.0,1,442333.78,-3885377.2,1,442387.5,-3885486.2,1,442429.5,-3885571.8,1,442445.38,-3885603.2,1,442455.6,-3885621.2,1,442468.84,-3885642.2,1,442483.38,-3885664.8,1,442499.25,-3885684.2,1,442512.66,-3885700.8,1,442524.22,-3885711.5,1,442534.75,-3885720.0,1,442539.78,-3885724.0,1,442552.3,-3885732.5,1,442562.72,-3885739.8,1,442581.84,-3885751.0,1,442599.66,-3885760.2,1,442625.06,-3885771.8,1,442637.75,-3885776.8,1,442659.12,-3885785.0,1,442680.94,-3885793.5,1,442701.38,-3885799.0,1,442726.72,-3885802.5,1,442761.2,-3885805.5,1,442768.28,-3885806.0,1,442781.03,-3885806.8,1,442809.75,-3885807.2,1,442838.5,-3885802.5,1,442935.47,-3885783.0,1,442968.1,-3885770.0,1,443046.47,-3885731.5,1,443106.7,-3885702.8,1,443123.47,-3885694.2,1,443148.2,-3885685.2,1,443163.2,-3885681.0,1,443180.56,-3885676.2,1,443197.12,-3885673.5,1,443216.97,-3885670.0,1,443249.0,-3885666.0,1,443272.38,-3885662.2,1,443299.34,-3885659.5,1,443321.38,-3885658.0,1,443358.53,-3885657.0,1,443388.75,-3885656.5,1,443414.9,-3885657.5,1,443436.7,-3885658.8,1,443456.28,-3885660.8,1,443483.8,-3885664.5,1,443516.1,-3885670.2,1,443543.1,-3885676.5,1,443572.94,-3885683.5,1,443580.44,-3885690.2,1,443601.06,-3885697.5,1,443623.8,-3885704.8,1,443642.72,-3885712.0,1,443723.38,-3885737.5,1,443755.4,-3885744.5,1,443804.06,-3885759.8,1,443924.97,-3885798.8,1,444039.44,-3885835.8,1,444080.97,-3885849.2,1,444151.34,-3885871.2,1,444249.0,-3885903.8,1,444265.25,-3885908.5,1,444300.75,-3885919.0,1,444348.66,-3885934.5,1,444358.06,-3885936.8,1,444376.6,-3885946.2,1,444395.16,-3885955.8,1,444410.84,-3885963.0
11_2_â°ïlê¸_ìåì˙ñ{ó∑ãqìSìπ,0,488858.06,-3924582.2,1,488982.78,-3924603.0,1,489029.5,-3924610.8,1,489049.2,-3924614.0,1,489081.12,-3924620.2,1,489099.44,-3924624.5,1,489110.97,-3924627.5,1,489118.4,-3924629.8,1,489135.56,-3924635.8,1,489156.97,-3924644.8,1,489196.72,-3924663.5,1,489269.84,-3924700.0,1,489383.53,-3924756.5,1,489478.8,-3924803.0,1,489531.62,-3924828.8,1,489568.72,-3924844.0,1,489600.84,-3924857.5,1,489662.34,-3924873.0,1,489727.1,-3924885.0,1,489804.8,-3924891.0
12_4_ëΩñÄê¸_è¨ìcã}ìdìS,0,478742.72,-3935232.8,1,478888.72,-3935375.0
12_4_è¨ìcå¥ê¸_è¨ìcã}ìdìS,0,461227.12,-3912446.2,1,461119.25,-3912382.0
12_5_Ç›Ç»Ç∆Ç›ÇÁÇ¢ê¸_â°ïlçÇë¨ìSìπ,0,490061.7,-3919231.0,1,490175.66,-3919055.5
14_4_ç]ÇÃìáê¸_è√ìÏÉÇÉmÉåÅ[Éã,0,480905.2,-3907457.8,1,480889.38,-3907376.2,1,480888.2,-3907333.0,1,480899.28,-3907289.5,1,480921.44,-3907240.8,1,480949.25,-3907194.5,1,480965.97,-3907152.8,1,480982.56,-3907101.2,1,480988.12,-3907068.5,1,480986.88,-3907033.2,1,480980.2,-3907008.8,1,480962.25,-3906990.0,1,480911.9,-3906950.8,1,480872.78,-3906919.5,1,480848.2,-3906891.0,1,480806.8,-3906837.0,1,480756.16,-3906772.5
11_2_íﬂå©ê¸_ìåì˙ñ{ó∑ãqìSìπ,0,495884.47,-3923563.2,1,495911.3,-3923576.0,1,495923.66,-3923582.5,1,495970.9,-3923605.5,1,495980.53,-3923610.2,1,496052.75,-3923644.2,1,496141.38,-3923687.8,1,496179.84,-3923708.2,1,496238.72,-3923739.5,1,496297.94,-3923769.0,1,496329.25,-3923783.0
12_4_ç]ÉmìáìdìSê¸_ç]ÉmìáìdìS,0,476886.44,-3905805.5,1,476878.3,-3905790.8,1,476875.03,-3905786.2,1,476850.22,-3905751.0,1,476838.53,-3905730.8,1,476831.75,-3905713.0,1,476821.2,-3905663.2,1,476788.88,-3905505.5,1,476788.12,-3905501.8,1,476761.22,-3905361.2
11_2_å‰ìaèÍê¸_ìåäCó∑ãqìSìπ,0,449367.7,-3902139.2,1,449904.8,-3901529.0,1,450566.44,-3900777.5,1,450582.8,-3900758.8,1,450591.94,-3900748.5,1,450658.34,-3900673.0,1,450692.53,-3900634.0,1,450733.53,-3900587.8,1,451145.3,-3900122.5,1,451165.47,-3900099.5,1,451266.88,-3899982.8
11_2_ìÏïêê¸_ìåì˙ñ{ó∑ãqìSìπ,0,493303.6,-3931736.5,1,493314.34,-3931694.5,1,493341.56,-3931585.2,1,493356.0,-3931518.8,1,493374.4,-3931433.5,1,493439.56,-3931159.5,1,493493.6,-3930947.0,1,493514.38,-3930871.0,1,493529.12,-3930824.5,1,493560.22,-3930724.8,1,493618.38,-3930557.8
12_4_ìcâÄìsésê¸_ìåãûã}çsìdìS,0,488874.4,-3935305.8,1,488967.66,-3935365.0,1,489026.78,-3935403.2,1,489058.3,-3935430.8,1,489097.7,-3935472.5,1,489114.28,-3935494.0,1,489129.62,-3935514.2,1,489153.66,-3935552.5,1,489170.0,-3935575.0,1,489194.12,-3935608.5,1,489200.22,-3935616.8
12_4_è¨ìcå¥ê¸_è¨ìcã}ìdìS,0,453262.38,-3909520.0,1,453275.03,-3909504.0,1,453299.56,-3909472.8,1,453333.72,-3909421.2,1,453411.97,-3909288.2,1,453467.72,-3909192.8,1,453486.28,-3909164.8,1,453516.28,-3909134.2,1,453528.97,-3909122.8,1,453534.75,-3909118.0,1,453552.56,-3909104.5,1,453614.0,-3909071.5,1,453685.94,-3909050.8,1,453795.28,-3909027.5,1,453832.3,-3909019.0,1,453902.47,-3909002.8,1,453947.75,-3908993.0,1,454014.1,-3908981.5,1,454072.06,-3908979.5,1,454189.28,-3908987.2,1,454317.88,-3908994.0,1,454341.12,-3908993.2,1,454388.5,-3908982.0,1,454421.25,-3908971.2,1,454440.9,-3908963.2,1,454525.88,-3908915.8,1,454638.16,-3908855.5,1,454722.78,-3908809.8,1,454779.16,-3908786.2,1,454817.0,-3908776.5,1,454873.84,-3908769.8,1,454902.2,-3908769.2,1,454911.28,-3908769.0,1,454952.34,-3908771.0,1,454975.44,-3908776.0,1,455003.9,-3908783.5,1,455026.03,-3908791.8,1,455041.6,-3908797.0,1,455051.34,-3908800.8,1,455062.34,-3908805.0,1,455072.47,-3908808.8,1,455165.47,-3908840.2,1,455224.72,-3908859.8,1,455284.6,-3908881.2,1,455343.03,-3908902.2,1,455394.53,-3908919.2,1,455439.97,-3908936.2,1,455482.47,-3908952.2,1,455566.94,-3908984.0,1,455593.78,-3908993.8,1,455631.28,-3909008.0,1,455681.97,-3909026.2,1,455708.9,-3909036.8,1,455723.94,-3909041.8,1,455794.66,-3909068.2,1,455898.5,-3909107.0,1,455931.1,-3909119.2,1,455954.84,-3909127.8,1,456061.25,-3909168.2,1,456133.78,-3909195.2,1,456160.1,-3909204.8,1,456191.22,-3909216.8,1,456299.62,-3909260.0,1,456350.3,-3909279.8,1,456384.72,-3909293.2,1,456397.84,-3909299.8,1,456402.3,-3909301.8,1,456417.3,-3909308.0,1,456464.3,-3909333.2,1,456518.16,-3909365.5,1,456560.8,-3909391.2,1,456573.94,-3909400.5,1,456673.53,-3909463.8,1,456740.6,-3909507.0,1,456753.72,-3909514.2,1,456815.78,-3909554.0,1,456858.97,-3909581.0,1,456891.6,-3909602.8,1,456943.0,-3909635.0,1,456979.25,-3909658.5,1,457055.72,-3909707.0,1,457091.4,-3909729.5,1,457157.88,-3909774.5,1,457193.6,-3909802.5,1,457240.6,-3909842.5
11_2_íÜâõê¸_ìåì˙ñ{ó∑ãqìSìπ,0,446501.1,-3936806.0,1,446628.16,-3936788.0
12_4_Ç¢Ç∏Ç›ñÏê¸_ëäñÕìSìπ,0,480493.62,-3918553.2,1,480491.47,-3918570.5,1,480487.2,-3918604.8,1,480483.0,-3918639.2
11_2_ìåäCìπê¸_ìåì˙ñ{ó∑ãqìSìπ,0,441930.38,-3884974.0,1,441627.22,-3884803.8
12_4_ìåâ°ê¸_ìåãûã}çsìdìS,0,489888.75,-3926357.8,1,489887.53,-3926346.2,1,489886.97,-3926316.2,1,489886.94,-3926275.8,1,489888.06,-3926245.5
11_2_ëäñÕê¸_ìåì˙ñ{ó∑ãqìSìπ,0,465739.28,-3930222.8,1,465726.16,-3930245.2,1,465705.62,-3930282.5
11_2_ëäñÕê¸_ìåì˙ñ{ó∑ãqìSìπ,0,467080.94,-3917701.5,1,467075.06,-3917630.8
12_4_ìåâ°ê¸_ìåãûã}çsìdìS,0,492631.16,-3932281.0,1,492545.8,-3932068.5
12_4_ìåâ°ê¸_ìåãûã}çsìdìS,0,492545.8,-3932068.5,1,492524.66,-3932015.0,1,492518.75,-3931999.0,1,492516.66,-3931993.5,1,492491.34,-3931932.8,1,492484.88,-3931915.8,1,492481.25,-3931906.0,1,492416.06,-3931748.0,1,492406.9,-3931726.5,1,492271.3,-3931386.5,1,492192.4,-3931193.5,1,492180.4,-3931160.2,1,492174.7,-3931147.8
11_2_ëäñÕê¸_ìåì˙ñ{ó∑ãqìSìπ,0,467299.4,-3925851.5,1,467328.16,-3925776.2,1,467349.28,-3925723.8,1,467361.0,-3925701.2,1,467370.0,-3925684.0,1,467379.62,-3925666.2,1,467387.03,-3925655.5,1,467392.44,-3925647.5,1,467399.66,-3925637.2,1,467403.53,-3925631.8,1,467407.94,-3925625.5,1,467421.56,-3925607.0,1,467431.7,-3925593.5,1,467458.22,-3925560.2,1,467481.97,-3925531.8,1,467517.62,-3925485.8,1,467535.94,-3925459.0,1,467564.16,-3925419.0,1,467571.47,-3925407.5,1,467574.72,-3925402.5,1,467584.7,-3925381.2,1,467600.25,-3925344.5,1,467635.7,-3925241.2,1,467660.66,-3925170.2,1,467672.9,-3925127.8,1,467677.9,-3925102.5,1,467679.6,-3925065.5,1,467691.25,-3924828.8,1,467695.2,-3924743.5,1,467705.22,-3924528.8,1,467706.12,-3924502.5,1,467706.44,-3924491.8,1,467717.12,-3924233.8,1,467721.8,-3924125.5,1,467735.2,-3923819.0,1,467753.78,-3923438.8,1,467757.34,-3923368.8,1,467759.38,-3923330.8,1,467764.5,-3923290.8,1,467770.12,-3923242.8,1,467788.5,-3923132.0
12_4_ìcâÄìsésê¸_ìåãûã}çsìdìS,0,480664.7,-3928641.8,1,480579.53,-3928626.5
11_2_ëäñÕê¸_ìåì˙ñ{ó∑ãqìSìπ,0,468089.16,-3918836.0,1,468016.5,-3918791.5
12_3_3çÜê¸_â°ïlés,0,488350.44,-3925912.5,1,488346.72,-3925982.0
11_2_ìÏïêê¸_ìåì˙ñ{ó∑ãqìSìπ,0,495503.22,-3926349.2,1,495563.88,-3926313.2,1,495611.53,-3926286.0,1,495658.75,-3926256.8,1,495708.44,-3926221.0,1,495715.88,-3926216.0,1,495749.3,-3926190.5,1,495798.88,-3926153.8,1,495908.28,-3926067.8,1,496051.94,-3925949.5,1,496146.84,-3925871.0
12_4_è¨ìcå¥ê¸_è¨ìcã}ìdìS,0,465860.0,-3917233.2,1,465921.8,-3917280.2,1,465939.9,-3917292.0,1,465943.72,-3917293.2,1,465954.9,-3917300.2,1,465995.03,-3917320.5,1,466048.8,-3917337.2,1,466057.53,-3917341.0,1,466082.62,-3917347.8,1,466116.97,-3917357.5,1,466170.12,-3917372.8,1,466188.94,-3917379.0,1,466197.66,-3917380.8,1,466277.06,-3917403.5,1,466303.3,-3917410.2,1,466320.84,-3917414.8,1,466328.28,-3917415.8,1,466346.47,-3917420.0,1,466367.1,-3917424.5,1,466385.25,-3917429.2,1,466395.88,-3917431.2,1,466397.16,-3917432.2,1,466444.03,-3917443.2,1,466448.22,-3917444.8,1,466460.28,-3917448.2,1,466525.34,-3917464.0,1,466687.5,-3917503.8,1,466820.94,-3917535.8,1,466874.9,-3917548.8,1,466947.84,-3917566.5,1,466979.0,-3917573.5
11_2_â°ê{âÍê¸_ìåì˙ñ{ó∑ãqìSìπ,0,483519.72,-3902827.8,1,483571.78,-3902807.8,1,483604.84,-3902791.0,1,483655.16,-3902762.5,1,483676.6,-3902749.0,1,483710.28,-3902728.8,1,483743.4,-3902707.0,1,483794.34,-3902674.2,1,483824.06,-3902655.8,1,483838.75,-3902646.0,1,483878.9,-3902620.0,1,483953.34,-3902572.0,1,484006.47,-3902539.2,1,484051.88,-3902509.8,1,484078.84,-3902492.8,1,484097.47,-3902483.8,1,484122.25,-3902467.8,1,484167.03,-3902446.5,1,484207.9,-3902426.2
11_2_â°ïlê¸_ìåì˙ñ{ó∑ãqìSìπ,0,470788.94,-3930062.0,1,470823.47,-3930039.5
11_2_ìÏïêê¸_ìåì˙ñ{ó∑ãqìSìπ,0,489943.5,-3933423.8,1,489949.94,-3933420.8,1,490010.7,-3933391.0,1,490060.6,-3933362.0,1,490098.06,-3933336.5,1,490115.0,-3933324.8,1,490158.16,-3933294.2,1,490239.28,-3933238.0,1,490324.38,-3933178.0,1,490455.03,-3933092.0,1,490512.34,-3933055.2,1,490593.53,-3933002.2,1,490803.03,-3932863.5,1,490947.1,-3932767.0
12_4_ç]Émìáê¸_è¨ìcã}ìdìS,0,476831.06,-3906003.2,1,476962.28,-3906007.0
12_4_ñ{ê¸_ãûïlã}çsìdìS,0,490765.7,-3921725.2,1,490876.47,-3921829.2
12_4_ñ{ê¸_ëäñÕìSìπ,0,487464.16,-3918716.0,1,487509.6,-3918698.0,1,487570.62,-3918671.2,1,487644.38,-3918641.8,1,487705.97,-3918619.0,1,487743.6,-3918611.8,1,487789.7,-3918609.2,1,487859.12,-3918621.8,1,487892.66,-3918637.2,1,487896.1,-3918638.8,1,487930.16,-3918656.5
11_2_ç™ä›ê¸_ìåì˙ñ{ó∑ãqìSìπ,0,488898.03,-3912934.5,1,488785.34,-3912732.0
12_4_ìåâ°ê¸_ìåãûã}çsìdìS,0,489238.7,-3920160.5,1,489269.06,-3920203.2,1,489278.97,-3920218.2,1,489315.88,-3920272.5,1,489326.5,-3920288.0,1,489353.78,-3920329.5,1,489422.94,-3920446.0,1,489440.5,-3920475.5,1,489460.88,-3920514.2,1,489469.3,-3920530.2,1,489475.16,-3920544.5,1,489480.78,-3920558.8,1,489485.44,-3920572.2,1,489492.16,-3920593.8,1,489496.66,-3920616.5,1,489499.75,-3920633.5,1,489504.03,-3920660.5,1,489506.72,-3920698.0,1,489503.28,-3920719.0,1,489492.47,-3920779.2,1,489484.28,-3920829.8,1,489483.84,-3920833.5,1,489479.1,-3920879.5
12_5_Ç›Ç»Ç∆Ç›ÇÁÇ¢ê¸_â°ïlçÇë¨ìSìπ,0,491687.6,-3917515.2,1,491864.0,-3917370.5
14_4_ç]ÇÃìáê¸_è√ìÏÉÇÉmÉåÅ[Éã,0,480128.66,-3905881.8,1,480121.84,-3905841.0,1,480106.72,-3905778.5,1,480096.2,-3905751.5,1,480086.78,-3905728.5,1,480067.2,-3905701.2,1,480022.0,-3905646.5,1,479972.25,-3905588.5,1,479886.22,-3905490.0,1,479812.06,-3905408.2,1,479802.7,-3905397.5
12_4_ìcâÄìsésê¸_ìåãûã}çsìdìS,0,488719.38,-3935211.2,1,488874.4,-3935305.8
12_4_ç]ÉmìáìdìSê¸_ç]ÉmìáìdìS,0,476924.4,-3905908.5,1,476914.3,-3905872.5,1,476907.9,-3905852.5,1,476897.66,-3905828.5,1,476886.44,-3905805.5
12_3_3çÜê¸_â°ïlés,0,488285.4,-3926789.8,1,488300.62,-3926658.2,1,488312.34,-3926461.8,1,488319.56,-3926370.0,1,488320.8,-3926359.2,1,488324.2,-3926300.5,1,488331.16,-3926206.8,1,488344.16,-3926031.5,1,488346.72,-3925982.0
12_4_Ç±Ç«Ç‡ÇÃçëê¸_ìåãûã}çsìdìS,0,477376.44,-3928924.8,1,477417.66,-3928878.2,1,477448.38,-3928845.0
11_2_ìåäCìπê¸_ìåì˙ñ{ó∑ãqìSìπ,0,487087.22,-3917853.8,1,487323.12,-3918128.2
12_4_ñ{ê¸_ãûïlã}çsìdìS,0,491970.38,-3899547.8,1,491988.66,-3899542.5,1,492008.75,-3899537.8,1,492027.94,-3899534.2,1,492043.75,-3899532.5,1,492213.38,-3899529.5,1,492450.53,-3899523.5,1,492510.1,-3899524.8,1,492722.72,-3899530.2,1,492768.8,-3899533.8
12_4_ìSìπê¸_î†ç™ìoéRìSìπ,0,436936.72,-3896540.0,1,436946.28,-3896499.5
12_4_ñ{ê¸_ëäñÕìSìπ,0,476482.78,-3920571.8,1,476563.38,-3920578.2
11_2_å‰ìaèÍê¸_ìåäCó∑ãqìSìπ,0,447587.2,-3904157.2,1,447666.3,-3904067.5,1,447690.34,-3904040.2,1,447734.3,-3903990.2,1,448283.88,-3903367.8,1,448946.62,-3902617.0,1,448962.16,-3902599.5,1,448969.47,-3902591.2,1,449183.12,-3902350.8
12_4_ñ{ê¸_ãûïlã}çsìdìS,0,486897.94,-3915393.2,1,486923.56,-3915290.0,1,486942.88,-3915204.8,1,486964.47,-3915079.8,1,486969.06,-3915046.8,1,486962.3,-3914975.5,1,486959.72,-3914936.5,1,486954.75,-3914886.0,1,486948.88,-3914831.5,1,486934.22,-3914747.2,1,486897.38,-3914566.2,1,486894.25,-3914550.5,1,486868.8,-3914417.5,1,486860.0,-3914354.2,1,486856.03,-3914313.2,1,486852.16,-3914259.0,1,486852.75,-3914175.0,1,486852.44,-3914147.8,1,486852.88,-3914126.0,1,486853.0,-3914085.8,1,486854.97,-3914008.0,1,486855.53,-3913906.5
11_2_íÜâõê¸_ìåì˙ñ{ó∑ãqìSìπ,0,446628.16,-3936788.0,1,446633.94,-3936787.8,1,446659.9,-3936782.5,1,446985.2,-3936732.0,1,447179.9,-3936697.2
12_3_3çÜê¸_â°ïlés,0,488473.84,-3921221.5,1,488354.2,-3921220.0,1,488241.78,-3921220.0,1,488135.1,-3921219.5,1,488069.7,-3921218.0,1,487966.2,-3921218.5,1,487860.5,-3921217.5,1,487811.5,-3921217.5,1,487726.5,-3921218.5
12_4_ëÂétê¸_ãûïlã}çsìdìS,0,500598.0,-3927636.8,1,500526.56,-3927651.8
12_4_ëΩñÄê¸_è¨ìcã}ìdìS,0,477477.16,-3934948.2,1,477457.25,-3934958.2,1,477200.28,-3935067.5,1,477105.2,-3935111.5,1,477040.97,-3935143.5,1,476975.5,-3935182.8,1,476903.88,-3935227.2,1,476871.22,-3935247.8,1,476742.66,-3935331.5,1,476648.6,-3935394.5,1,476495.0,-3935501.5
24_5_ã‡ëÚÉVÅ[ÉTÉCÉhÉâÉCÉì_â°ïlêVìsésåí ,0,491404.66,-3907618.8,1,491451.9,-3907618.8,1,491490.97,-3907614.2,1,491512.75,-3907604.2,1,491533.62,-3907587.8,1,491548.16,-3907572.2,1,491559.03,-3907552.5,1,491564.47,-3907520.5,1,491565.1,-3907234.8
12_4_ç]ÉmìáìdìSê¸_ç]ÉmìáìdìS,0,482210.7,-3903253.8,1,482194.97,-3903248.8,1,482172.94,-3903242.5,1,482159.84,-3903239.5
12_3_3çÜê¸_â°ïlés,0,484885.22,-3928904.5,1,484850.16,-3928821.2,1,484834.34,-3928784.0,1,484830.16,-3928774.0
11_2_å‰ìaèÍê¸_ìåäCó∑ãqìSìπ,0,447388.2,-3904385.0,1,447587.2,-3904157.2
11_2_ç™ä›ê¸_ìåì˙ñ{ó∑ãqìSìπ,0,490516.28,-3917583.5,1,490448.1,-3917642.5,1,490413.1,-3917675.2,1,490371.66,-3917721.0
11_2_â°ïlê¸_ìåì˙ñ{ó∑ãqìSìπ,0,477601.56,-3927336.0,1,477672.94,-3927339.2,1,477700.3,-3927340.5,1,477782.2,-3927344.2
11_2_â°ê{âÍê¸_ìåì˙ñ{ó∑ãqìSìπ,0,482189.1,-3905839.8,1,482044.22,-3906001.5
12_4_ñ{ê¸_ãûïlã}çsìdìS,0,494264.3,-3924619.0,1,494230.47,-3924575.2,1,494203.06,-3924538.5,1,494170.75,-3924485.5
12_4_ëÂóYéRê¸_à…ì§î†ç™ìSìπ,0,445282.2,-3900513.0,1,445227.84,-3900565.5
12_4_ñ{ê¸_ëäñÕìSìπ,0,484091.75,-3921405.2,1,484213.12,-3921389.2,1,484314.6,-3921368.2,1,484394.75,-3921348.2,1,484460.9,-3921316.2,1,484489.28,-3921295.8,1,484515.72,-3921273.2,1,484536.1,-3921247.5,1,484558.9,-3921214.8,1,484577.78,-3921174.8,1,484589.9,-3921149.0,1,484591.34,-3921145.8,1,484627.66,-3921044.8,1,484648.7,-3920993.5,1,484653.3,-3920982.2,1,484686.97,-3920931.5,1,484714.22,-3920892.5,1,484782.4,-3920818.2,1,484923.97,-3920680.0,1,485033.8,-3920564.2,1,485105.56,-3920496.2,1,485243.53,-3920364.5,1,485339.8,-3920273.8
12_3_3çÜê¸_â°ïlés,0,490376.0,-3917871.5,1,490328.84,-3917903.8,1,490294.56,-3917927.8,1,490280.97,-3917939.5,1,490246.16,-3917990.5,1,490187.2,-3918075.5,1,490154.1,-3918121.2,1,490138.97,-3918139.2,1,490127.34,-3918143.2,1,490091.53,-3918157.0,1,490045.1,-3918173.5,1,490018.3,-3918182.8,1,490007.72,-3918187.2,1,490001.72,-3918193.2
11_2_â°ê{âÍê¸_ìåì˙ñ{ó∑ãqìSìπ,0,483519.72,-3902827.8,1,483606.5,-3902808.8,1,483672.03,-3902793.5,1,483727.9,-3902778.2,1,483776.6,-3902756.2,1,483807.2,-3902732.8,1,483826.53,-3902718.5,1,483840.22,-3902706.8,1,483864.38,-3902688.2,1,483905.06,-3902657.2,1,483940.2,-3902628.8,1,483943.8,-3902625.8,1,484016.25,-3902568.5,1,484060.38,-3902537.5,1,484077.53,-3902525.0,1,484121.03,-3902492.0,1,484185.12,-3902445.8,1,484207.9,-3902426.2
12_4_ìcâÄìsésê¸_ìåãûã}çsìdìS,0,479749.22,-3928579.0,1,479631.44,-3928571.5
11_2_â°ïlê¸_ìåì˙ñ{ó∑ãqìSìπ,0,490017.56,-3924880.0,1,490056.8,-3924872.5,1,490076.84,-3924868.5,1,490115.0,-3924857.8,1,490168.12,-3924837.0,1,490187.53,-3924828.8,1,490248.62,-3924798.5,1,490342.06,-3924750.5,1,490529.3,-3924648.2,1,490643.3,-3924586.8,1,490707.03,-3924552.2,1,490708.03,-3924551.8,1,490719.0,-3924545.8,1,490771.75,-3924517.2,1,490803.28,-3924495.5,1,490830.94,-3924475.2,1,490863.53,-3924447.5,1,490874.78,-3924435.8,1,490901.97,-3924408.8,1,490917.34,-3924386.0,1,490920.06,-3924382.0,1,490930.66,-3924365.8,1,490950.03,-3924326.5,1,491007.38,-3924180.5,1,491009.0,-3924176.5,1,491020.22,-3924147.0,1,491024.03,-3924137.2,1,491091.06,-3923979.5,1,491148.25,-3923843.2,1,491206.34,-3923701.0,1,491213.38,-3923678.8,1,491226.03,-3923646.0,1,491236.0,-3923616.8,1,491245.84,-3923584.0,1,491266.28,-3923524.5,1,491284.62,-3923463.2,1,491307.88,-3923374.8,1,491320.6,-3923319.8,1,491333.22,-3923249.0,1,491342.16,-3923206.0,1,491346.7,-3923184.5,1,491352.25,-3923147.5,1,491372.56,-3923022.8
11_2_ìåäCìπê¸_ìåì˙ñ{ó∑ãqìSìπ,0,441930.38,-3884974.0,1,441627.22,-3884803.8
12_4_ñ{ê¸_ëäñÕìSìπ,0,472709.16,-3920613.0,1,472818.78,-3920588.8
12_4_è¨ìcå¥ê¸_è¨ìcã}ìdìS,0,445815.06,-3901445.8,1,445896.94,-3901195.2,1,445915.34,-3901138.2,1,446031.03,-3900779.5,1,446050.03,-3900721.5,1,446099.66,-3900610.2,1,446132.06,-3900550.2,1,446177.9,-3900476.2,1,446206.12,-3900440.0,1,446245.72,-3900395.8,1,446319.94,-3900310.0,1,446365.12,-3900262.8
12_4_ãvó¢ïlê¸_ãûïlã}çsìdìS,0,494999.97,-3896005.5,1,494994.9,-3896079.5,1,494996.56,-3896094.5,1,495000.03,-3896118.2,1,495006.88,-3896162.2
12_4_êÄéqê¸_ãûïlã}çsìdìS,0,488950.16,-3904754.8,1,488953.06,-3904765.8,1,488959.84,-3904798.2,1,488964.5,-3904820.8,1,488971.8,-3904866.2,1,488976.97,-3904915.8,1,488980.0,-3904953.0,1,488982.25,-3905009.0,1,488983.8,-3905084.5
12_4_ñ{ê¸_ãûïlã}çsìdìS,0,491091.03,-3900232.5,1,491112.6,-3900225.5,1,491123.03,-3900220.2,1,491140.5,-3900212.8,1,491163.03,-3900203.2,1,491183.12,-3900192.2,1,491202.75,-3900176.5,1,491250.8,-3900139.2,1,491270.25,-3900121.2,1,491319.78,-3900077.0,1,491338.03,-3900059.5,1,491369.2,-3900034.0,1,491390.72,-3900012.2,1,491469.4,-3899942.2,1,491522.12,-3899897.8,1,491561.9,-3899870.5,1,491585.97,-3899838.2,1,491687.75,-3899748.8,1,491703.66,-3899734.8,1,491755.34,-3899693.2,1,491778.44,-3899673.5,1,491822.7,-3899637.5,1,491826.5,-3899635.5,1,491829.78,-3899633.2,1,491832.3,-3899631.8,1,491849.7,-3899619.0,1,491873.88,-3899605.0
12_4_ñ{ê¸_ãûïlã}çsìdìS,0,486855.53,-3913906.5,1,486860.06,-3913703.5
12_4_ëÂétê¸_ãûïlã}çsìdìS,0,498570.2,-3927760.5,1,498452.88,-3927749.2,1,498162.88,-3927729.0
11_2_å‰ìaèÍê¸_ìåäCó∑ãqìSìπ,0,445411.56,-3906896.5,1,445432.56,-3906882.5,1,445457.53,-3906862.5,1,445474.44,-3906849.0,1,445509.6,-3906817.0,1,445544.8,-3906779.5,1,445574.3,-3906742.5,1,445624.1,-3906668.5,1,445695.47,-3906551.2,1,445797.78,-3906381.8,1,445853.72,-3906287.0,1,445857.6,-3906280.5,1,445922.2,-3906172.2,1,445943.5,-3906134.8,1,445986.7,-3906061.2,1,446072.16,-3905917.0,1,446141.84,-3905789.0,1,446172.7,-3905752.0,1,446231.38,-3905688.0
11_2_ëäñÕê¸_ìåì˙ñ{ó∑ãqìSìπ,0,464642.1,-3934025.0,1,464690.53,-3933976.5,1,464733.28,-3933925.0,1,464758.44,-3933893.8,1,464779.22,-3933856.8,1,464791.3,-3933828.5,1,464804.5,-3933792.8,1,464812.5,-3933752.2,1,464816.6,-3933708.5,1,464815.4,-3933643.5,1,464807.12,-3933559.8,1,464799.62,-3933454.0,1,464787.88,-3933280.2,1,464777.06,-3933043.8,1,464765.03,-3932836.2
11_2_â°ïlê¸_ìåì˙ñ{ó∑ãqìSìπ,0,467918.62,-3931908.2,1,467977.22,-3931868.8,1,468056.3,-3931818.2,1,468172.84,-3931744.8,1,468285.4,-3931670.8,1,468472.2,-3931550.8,1,468559.72,-3931494.2
12_4_è¨ìcå¥ê¸_è¨ìcã}ìdìS,0,481823.75,-3936525.0,1,482031.66,-3936551.2
11_1_ìåäCìπêVä≤ê¸_ìåäCó∑ãqìSìπ,0,488618.1,-3924477.5,1,488667.75,-3924523.8,1,488732.66,-3924587.0,1,488943.75,-3924790.5
11_2_ç™ä›ê¸_ìåì˙ñ{ó∑ãqìSìπ,0,488873.22,-3911392.2,1,488980.9,-3911228.2
12_4_ëÂétê¸_ãûïlã}çsìdìS,0,498084.2,-3927723.8,1,497951.66,-3927716.0,1,497530.84,-3927693.0,1,497442.44,-3927688.2
11_2_ìåäCìπê¸_ìåì˙ñ{ó∑ãqìSìπ,0,445685.03,-3894951.2,1,445670.44,-3894913.5,1,445654.62,-3894874.5,1,445649.38,-3894863.0,1,445642.28,-3894849.0,1,445634.8,-3894833.8,1,445627.72,-3894820.2,1,445613.0,-3894793.8,1,445596.1,-3894763.2,1,445571.2,-3894722.0,1,445550.97,-3894691.5,1,445528.75,-3894656.5,1,445506.5,-3894622.2,1,445489.5,-3894580.0,1,445483.53,-3894553.2,1,445480.1,-3894526.0,1,445478.53,-3894478.5,1,445480.88,-3894445.5,1,445483.6,-3894356.0,1,445482.12,-3894323.8,1,445480.56,-3894291.5,1,445477.12,-3894250.5,1,445468.94,-3894173.0,1,445461.0,-3894108.8,1,445457.84,-3894056.5,1,445454.25,-3894001.5,1,445448.6,-3893923.8,1,445445.22,-3893893.0,1,445435.94,-3893864.8,1,445422.2,-3893832.5,1,445401.8,-3893787.8,1,445385.5,-3893753.5,1,445367.84,-3893723.8,1,445354.03,-3893699.0,1,445347.4,-3893669.5,1,445339.47,-3893638.8,1,445335.38,-3893610.5,1,445332.66,-3893579.2,1,445329.84,-3893551.8,1,445329.75,-3893535.2,1,445330.88,-3893510.0,1,445334.28,-3893488.8,1,445341.78,-3893465.5,1,445372.62,-3893313.2,1,445390.9,-3893219.8,1,445392.22,-3893212.2,1,445393.44,-3893204.8,1,445396.7,-3893184.8,1,445397.66,-3893179.0,1,445399.34,-3893169.5,1,445406.97,-3893139.0,1,445430.5,-3893054.8,1,445441.6,-3893007.5,1,445444.94,-3892977.0,1,445446.06,-3892950.0,1,445444.62,-3892923.2,1,445439.6,-3892874.8,1,445432.1,-3892839.2,1,445419.97,-3892807.2,1,445404.25,-3892779.8,1,445375.78,-3892736.8,1,445337.75,-3892696.2,1,445308.78,-3892662.2,1,445258.1,-3892615.0,1,445223.2,-3892579.8,1,445202.66,-3892555.2,1,445176.44,-3892498.2,1,445158.25,-3892454.8,1,445144.84,-3892419.2,1,445136.22,-3892376.5,1,445136.0,-3892343.8,1,445140.66,-3892312.8,1,445148.84,-3892283.5,1,445163.9,-3892203.2,1,445179.78,-3892146.0,1,445221.94,-3892073.5,1,445243.28,-3892036.2,1,445280.7,-3891978.2,1,445294.94,-3891953.5,1,445309.78,-3891925.8,1,445328.0,-3891883.5,1,445333.88,-3891862.2,1,445339.16,-3891832.5,1,445341.94,-3891807.5,1,445341.44,-3891725.2,1,445338.8,-3891683.8,1,445336.25,-3891654.0,1,445330.62,-3891612.0,1,445324.88,-3891560.0,1,445316.22,-3891518.0,1,445305.72,-3891467.0,1,445295.25,-3891423.2,1,445289.7,-3891404.5,1,445278.78,-3891378.2,1,445264.88,-3891348.5,1,445246.62,-3891311.5,1,445224.8,-3891273.0,1,445212.66,-3891249.0
12_4_ìcâÄìsésê¸_ìåãûã}çsìdìS,0,481904.56,-3929550.2,1,481824.25,-3929450.0
12_4_è¨ìcå¥ê¸_è¨ìcã}ìdìS,0,446622.38,-3898785.5,1,446628.75,-3898709.0
24_5_ã‡ëÚÉVÅ[ÉTÉCÉhÉâÉCÉì_â°ïlêVìsésåí ,0,490390.12,-3906343.8,1,490336.62,-3906290.5,1,490283.16,-3906236.0,1,490267.4,-3906218.0,1,490255.03,-3906199.8,1,490238.38,-3906173.0,1,490217.06,-3906139.0,1,490137.6,-3906012.0,1,490107.8,-3905960.2,1,490095.8,-3905934.5,1,490089.6,-3905915.8,1,490084.03,-3905891.5,1,490077.9,-3905864.2
11_2_â°ïlê¸_ìåì˙ñ{ó∑ãqìSìπ,0,467918.62,-3931908.2,1,467977.22,-3931868.8,1,468056.3,-3931818.2,1,468172.84,-3931744.8,1,468285.4,-3931670.8,1,468472.2,-3931550.8,1,468559.72,-3931494.2
12_3_3çÜê¸_â°ïlés,0,487616.0,-3921217.0,1,487447.8,-3921216.5,1,487430.84,-3921219.8,1,487399.47,-3921230.2,1,487349.16,-3921261.5,1,487332.7,-3921277.5,1,487313.6,-3921313.5,1,487301.88,-3921366.8,1,487274.25,-3921522.0,1,487267.7,-3921579.2,1,487270.4,-3921636.0,1,487283.56,-3921701.8,1,487296.7,-3921746.5,1,487300.97,-3921760.5,1,487327.3,-3921848.0,1,487339.53,-3921901.0,1,487354.4,-3921953.0,1,487371.06,-3921998.2,1,487393.72,-3922046.8,1,487439.56,-3922140.2,1,487463.6,-3922186.8,1,487490.6,-3922237.0,1,487537.72,-3922326.5,1,487593.66,-3922432.2,1,487642.03,-3922529.5,1,487668.22,-3922572.2,1,487722.4,-3922660.5
12_3_3çÜê¸_â°ïlés,0,487726.5,-3921218.5,1,487691.47,-3921218.2,1,487616.0,-3921217.0
12_4_Ç¢Ç∏Ç›ñÏê¸_ëäñÕìSìπ,0,476443.56,-3913364.2,1,476523.84,-3913470.8
24_5_ã‡ëÚÉVÅ[ÉTÉCÉhÉâÉCÉì_â°ïlêVìsésåí ,0,491567.84,-3907159.5,1,491566.66,-3906867.2,1,491568.47,-3906838.5,1,491572.06,-3906816.5,1,491584.78,-3906794.5,1,491596.56,-3906779.0,1,491609.28,-3906766.8,1,491636.53,-3906748.0,1,491658.3,-3906732.5,1,491681.94,-3906717.0,1,491691.9,-3906705.0,1,491701.9,-3906690.5,1,491707.34,-3906676.0,1,491711.88,-3906658.5,1,491710.0,-3906604.5
11_2_ìåäCìπê¸_ìåì˙ñ{ó∑ãqìSìπ,0,480859.47,-3907576.5,1,480850.78,-3907551.5,1,480816.97,-3907459.5,1,480766.56,-3907346.8,1,480727.9,-3907285.8,1,480701.12,-3907255.8,1,480657.16,-3907217.0,1,480589.62,-3907163.8,1,480509.28,-3907106.8,1,480428.94,-3907053.8,1,480378.16,-3907020.8,1,480041.2,-3906801.5,1,479865.9,-3906687.0,1,479860.47,-3906683.5,1,479839.16,-3906670.2,1,479814.97,-3906655.5,1,479769.0,-3906626.0,1,479564.44,-3906491.2,1,479540.03,-3906475.5,1,479310.06,-3906326.2,1,479233.72,-3906276.8,1,478904.7,-3906061.8,1,478640.12,-3905889.5,1,478554.38,-3905833.8,1,478466.47,-3905782.2,1,478453.0,-3905775.5,1,478435.16,-3905764.8,1,478402.88,-3905750.0,1,478366.03,-3905732.2,1,478322.56,-3905721.8,1,478276.8,-3905711.0,1,478235.53,-3905705.5,1,478189.8,-3905700.2,1,478176.47,-3905701.8,1,478073.97,-3905714.2,1,477982.62,-3905737.5,1,477911.3,-3905757.8,1,477862.38,-3905775.5,1,477844.6,-3905783.8,1,477806.53,-3905796.8,1,477775.7,-3905807.2,1,477643.28,-3905851.5,1,477555.94,-3905877.8,1,477514.06,-3905892.0,1,477409.56,-3905926.5,1,477308.12,-3905959.0,1,477218.4,-3905988.8,1,477178.84,-3906001.2,1,477097.66,-3906027.8,1,477085.94,-3906029.8,1,477049.97,-3906034.0,1,476986.44,-3906039.2
12_3_1çÜê¸_â°ïlés,0,488070.62,-3916073.5,1,488065.16,-3916069.0,1,487998.94,-3916015.0,1,487921.7,-3915955.2,1,487842.28,-3915899.0,1,487761.78,-3915841.5,1,487715.44,-3915809.8,1,487680.0,-3915786.0,1,487593.5,-3915724.2,1,487553.7,-3915692.2,1,487520.97,-3915658.8,1,487475.7,-3915605.2,1,487460.5,-3915579.2,1,487437.62,-3915531.2,1,487422.5,-3915491.2,1,487400.84,-3915442.8,1,487373.88,-3915378.5
12_4_è¨ìcå¥ê¸_è¨ìcã}ìdìS,0,457905.4,-3910760.0,1,457844.72,-3910719.5,1,457800.4,-3910688.2,1,457792.12,-3910679.8
13_4_ëÂéRç|çıê¸_ëÂéRäœåıìdìS,0,454878.97,-3915966.8,1,454873.53,-3915969.0,1,454870.9,-3915970.2,1,454829.7,-3915989.8,1,454725.97,-3916065.5,1,454605.38,-3916152.2
11_2_ëäñÕê¸_ìåì˙ñ{ó∑ãqìSìπ,0,467051.97,-3912320.2,1,467096.28,-3912444.0,1,467134.62,-3912551.8,1,467168.12,-3912645.8,1,467216.0,-3912772.2,1,467267.72,-3912914.0,1,467284.97,-3912960.0,1,467308.34,-3913022.2,1,467318.28,-3913057.5,1,467326.8,-3913100.5,1,467329.53,-3913128.0,1,467329.66,-3913161.8,1,467329.8,-3913202.5,1,467327.75,-3913233.8,1,467323.38,-3913258.5,1,467317.75,-3913285.5,1,467301.7,-3913333.2,1,467298.0,-3913344.5,1,467286.47,-3913371.8,1,467282.25,-3913382.0,1,467270.34,-3913407.8,1,467238.34,-3913473.0,1,467209.06,-3913532.8
12_3_1çÜê¸_â°ïlés,0,479054.6,-3914050.0,1,478918.78,-3914124.8,1,478715.66,-3914230.5,1,478609.84,-3914296.5,1,478487.53,-3914357.5,1,478432.47,-3914379.0,1,478388.9,-3914389.2,1,478340.06,-3914395.8,1,478291.34,-3914398.2,1,478261.2,-3914397.2,1,478210.22,-3914388.5
11_2_â°ïlê¸_ìåì˙ñ{ó∑ãqìSìπ,0,468559.72,-3931494.2,1,468602.3,-3931467.8,1,468632.88,-3931448.8,1,468651.5,-3931437.0,1,468778.0,-3931359.2
12_3_1çÜê¸_â°ïlés,0,488916.03,-3916701.2,1,488872.28,-3916686.8,1,488776.47,-3916655.8
12_4_ìSìπê¸_î†ç™ìoéRìSìπ,0,442031.62,-3894571.5,1,441969.0,-3894528.0
12_4_è¨ìcå¥ê¸_è¨ìcã}ìdìS,0,466979.0,-3917573.5,1,467028.97,-3917587.8,1,467049.97,-3917593.5
12_3_1çÜê¸_â°ïlés,0,489384.88,-3916889.2,1,489405.4,-3916900.8,1,489519.22,-3916964.2
12_4_ìSìπê¸_î†ç™ìoéRìSìπ,0,443593.6,-3895361.2,1,443531.0,-3895320.0
12_4_ñ{ê¸_ãûïlã}çsìdìS,0,497603.94,-3896307.0,1,497608.06,-3896355.8,1,497609.25,-3896393.0,1,497606.88,-3896425.2,1,497602.44,-3896471.5
12_4_ç]ÉmìáìdìSê¸_ç]ÉmìáìdìS,0,476912.75,-3902969.5,1,476893.62,-3902983.0,1,476866.75,-3903004.5,1,476837.2,-3903030.8,1,476815.25,-3903050.8,1,476806.12,-3903067.5,1,476784.12,-3903109.0,1,476746.6,-3903181.8,1,476727.6,-3903211.5,1,476712.34,-3903230.2,1,476694.94,-3903246.5,1,476651.3,-3903279.8,1,476637.44,-3903293.2,1,476624.38,-3903311.0,1,476587.66,-3903375.2,1,476581.94,-3903383.8,1,476562.72,-3903404.2
12_4_ç]Émìáê¸_è¨ìcã}ìdìS,0,472405.5,-3927297.2,1,472474.75,-3927411.5
12_4_ìåâ°ê¸_ìåãûã}çsìdìS,0,489846.1,-3922019.5,1,489844.9,-3922019.2,1,489784.25,-3922214.8,1,489731.03,-3922387.5,1,489720.9,-3922423.0,1,489711.5,-3922452.5,1,489705.47,-3922478.2,1,489700.03,-3922500.5,1,489698.06,-3922521.8,1,489696.75,-3922539.0,1,489694.75,-3922557.2,1,489695.44,-3922583.5,1,489698.9,-3922619.5
11_2_ç™ä›ê¸_ìåì˙ñ{ó∑ãqìSìπ,0,488898.03,-3912934.5,1,488785.34,-3912732.0
11_2_ç™ä›ê¸_ìåì˙ñ{ó∑ãqìSìπ,0,485079.97,-3910050.0,1,484984.75,-3910026.0,1,484924.12,-3910008.8
12_4_ëÂétê¸_ãûïlã}çsìdìS,0,497442.44,-3927688.2,1,497348.06,-3927695.5
12_4_ìåâ°ê¸_ìåãûã}çsìdìS,0,490034.0,-3924895.8,1,490046.53,-3924856.8,1,490054.34,-3924844.0,1,490072.72,-3924817.5,1,490089.2,-3924799.0,1,490107.6,-3924782.2,1,490137.47,-3924753.2,1,490187.7,-3924713.8,1,490228.1,-3924678.2,1,490247.28,-3924659.8,1,490259.25,-3924646.0,1,490272.1,-3924627.0,1,490283.4,-3924608.8,1,490298.16,-3924579.5,1,490305.4,-3924563.5,1,490310.72,-3924547.8,1,490315.25,-3924529.5,1,490318.22,-3924512.5,1,490321.28,-3924492.0,1,490322.88,-3924458.2,1,490325.94,-3924181.2,1,490322.53,-3924144.8,1,490316.44,-3924115.0,1,490308.97,-3924079.8,1,490299.5,-3924046.0,1,490286.56,-3924006.5,1,490265.44,-3923940.5,1,490250.53,-3923891.2,1,490241.97,-3923867.2,1,490232.78,-3923839.8,1,490224.12,-3923809.8,1,490213.22,-3923766.2,1,490203.72,-3923725.0
11_2_ìåäCìπê¸_ìåì˙ñ{ó∑ãqìSìπ,0,493729.9,-3929383.2,1,493753.97,-3929313.8,1,493769.62,-3929269.2,1,493787.44,-3929218.2,1,493861.3,-3928979.0,1,493911.16,-3928805.5,1,493928.7,-3928747.5,1,493945.06,-3928671.8,1,493963.28,-3928547.5,1,493976.1,-3928479.0,1,493984.3,-3928436.0,1,493997.8,-3928393.2,1,494026.56,-3928307.8,1,494034.06,-3928283.0,1,494042.5,-3928255.2,1,494082.28,-3928136.8,1,494106.34,-3928064.2,1,494115.22,-3928033.5,1,494124.53,-3927997.0,1,494132.12,-3927951.2,1,494137.44,-3927882.8,1,494143.16,-3927801.2,1,494148.5,-3927761.2,1,494154.9,-3927733.2,1,494163.12,-3927696.8,1,494179.5,-3927639.0,1,494218.22,-3927496.2,1,494257.47,-3927352.8,1,494273.38,-3927296.5,1,494321.3,-3927128.2,1,494358.88,-3926986.8,1,494389.88,-3926862.0,1,494408.6,-3926776.8,1,494423.22,-3926701.2,1,494437.3,-3926604.0,1,494447.78,-3926532.8,1,494472.47,-3926438.0,1,494501.16,-3926327.0,1,494504.7,-3926311.8,1,494538.16,-3926195.5,1,494551.62,-3926139.0,1,494558.03,-3926101.2,1,494560.38,-3926072.5,1,494560.9,-3926056.0,1,494560.9,-3926031.0,1,494556.16,-3925982.5,1,494547.88,-3925945.5,1,494536.06,-3925907.0,1,494516.75,-3925863.5,1,494499.12,-3925830.5,1,494475.62,-3925789.8,1,494458.47,-3925763.0,1,494432.06,-3925727.2,1,494399.75,-3925686.5,1,494348.56,-3925625.0,1,494331.6,-3925598.5,1,494302.1,-3925548.2,1,494289.75,-3925525.5,1,494276.22,-3925495.5,1,494263.3,-3925465.2,1,494254.4,-3925436.8,1,494206.78,-3925265.0,1,494173.16,-3925140.0
24_5_ã‡ëÚÉVÅ[ÉTÉCÉhÉâÉCÉì_â°ïlêVìsésåí ,0,491404.66,-3907618.8,1,491451.9,-3907618.8,1,491490.97,-3907614.2,1,491512.75,-3907604.2,1,491533.62,-3907587.8,1,491548.16,-3907572.2,1,491559.03,-3907552.5,1,491564.47,-3907520.5,1,491565.1,-3907234.8
12_4_è¨ìcå¥ê¸_è¨ìcã}ìdìS,0,449517.6,-3910020.0,1,449462.34,-3910032.0,1,449391.56,-3910045.0,1,449316.4,-3910052.8
11_2_íﬂå©ê¸_ìåì˙ñ{ó∑ãqìSìπ,0,497517.8,-3924897.2,1,497594.34,-3924915.5,1,497633.0,-3924924.2,1,497648.94,-3924925.5,1,497654.75,-3924925.8,1,497669.34,-3924925.8,1,497717.7,-3924920.8,1,497780.88,-3924910.8,1,497849.9,-3924902.8,1,497911.47,-3924896.8,1,497973.4,-3924893.5,1,498043.78,-3924891.2,1,498160.84,-3924886.2,1,498204.72,-3924884.5,1,498226.94,-3924882.2,1,498241.9,-3924876.5,1,498256.4,-3924866.8,1,498267.47,-3924852.0,1,498279.44,-3924837.5,1,498295.75,-3924816.8,1,498309.8,-3924793.8,1,498336.28,-3924751.8,1,498371.47,-3924684.8,1,498397.12,-3924638.0,1,498409.06,-3924611.8
12_4_ñ{ê¸_ãûïlã}çsìdìS,0,488154.0,-3912072.2,1,488201.44,-3912013.2,1,488217.84,-3911992.0,1,488241.94,-3911956.8,1,488265.97,-3911920.8,1,488289.34,-3911878.8,1,488305.1,-3911843.0,1,488321.03,-3911809.0,1,488340.22,-3911748.5,1,488363.44,-3911664.8,1,488385.34,-3911548.0,1,488403.12,-3911452.8,1,488423.0,-3911379.0,1,488440.1,-3911319.5,1,488471.88,-3911241.0,1,488516.44,-3911137.0,1,488526.75,-3911113.0,1,488561.53,-3911031.8
12_4_ìSìπê¸_î†ç™ìoéRìSìπ,0,445724.22,-3895821.0,1,445796.5,-3895800.2
12_4_è¨ìcå¥ê¸_è¨ìcã}ìdìS,0,482031.66,-3936551.2,1,482237.28,-3936578.2,1,482254.7,-3936580.5,1,482494.8,-3936601.0,1,482797.22,-3936606.5,1,483101.88,-3936602.0,1,483239.88,-3936604.0,1,483267.97,-3936602.8,1,483300.94,-3936602.8,1,483481.4,-3936604.0,1,483553.97,-3936608.2,1,483620.62,-3936616.8,1,483676.8,-3936633.5,1,483694.22,-3936640.5,1,483705.0,-3936644.8,1,483740.25,-3936661.0,1,483808.06,-3936693.2,1,483897.9,-3936743.2
12_4_ç]Émìáê¸_è¨ìcã}ìdìS,0,477697.53,-3903654.2,1,477690.1,-3903655.5
12_3_1çÜê¸_â°ïlés,0,479156.25,-3913989.0,1,479054.6,-3914050.0
11_2_ìåäCìπê¸_ìåì˙ñ{ó∑ãqìSìπ,0,492173.1,-3922420.2,1,492234.0,-3922461.0,1,492280.66,-3922492.5,1,492336.9,-3922530.8,1,492464.78,-3922612.2,1,492490.38,-3922629.2,1,492607.8,-3922706.8,1,492661.1,-3922745.2,1,492708.03,-3922785.8,1,492722.56,-3922798.2
11_2_íﬂå©ê¸_ìåì˙ñ{ó∑ãqìSìπ,0,494050.6,-3924664.5,1,494041.66,-3924594.8,1,494032.12,-3924548.0,1,494014.1,-3924462.2,1,493970.72,-3924267.5,1,493957.25,-3924203.0,1,493956.4,-3924178.0,1,493958.28,-3924136.0,1,493961.97,-3924092.2,1,493968.4,-3924050.0,1,493972.62,-3924024.0,1,493992.75,-3923973.2,1,494009.12,-3923946.0,1,494023.1,-3923925.2
12_4_ãvó¢ïlê¸_ãûïlã}çsìdìS,0,496428.34,-3894062.0,1,496449.12,-3894209.5
12_4_ëÂóYéRê¸_à…ì§î†ç™ìSìπ,0,444136.34,-3902006.8,1,444101.28,-3902056.5
11_2_ìÏïêê¸_ìåì˙ñ{ó∑ãqìSìπ,0,493274.97,-3931855.2,1,493303.6,-3931736.5
14_4_ç]ÇÃìáê¸_è√ìÏÉÇÉmÉåÅ[Éã,0,478481.5,-3903897.2,1,478483.5,-3903898.8,1,478500.34,-3903918.2,1,478510.03,-3903934.8,1,478519.8,-3903957.8,1,478526.3,-3903977.2,1,478536.1,-3904004.0,1,478542.6,-3904021.2,1,478556.88,-3904058.8,1,478563.34,-3904076.8,1,478570.84,-3904086.8,1,478579.3,-3904096.0,1,478590.88,-3904107.8,1,478605.8,-3904120.2,1,478621.38,-3904129.0,1,478639.5,-3904137.5,1,478662.06,-3904146.0,1,478687.97,-3904152.2,1,478705.44,-3904156.2,1,478757.8,-3904167.8,1,478788.2,-3904177.2,1,478813.4,-3904188.2,1,478840.62,-3904203.8,1,478874.94,-3904227.2,1,478893.7,-3904237.5,1,478908.9,-3904249.8,1,478924.84,-3904264.5,1,478962.8,-3904294.0,1,479003.5,-3904322.5,1,479036.1,-3904348.8,1,479082.62,-3904384.5,1,479125.97,-3904417.2,1,479182.6,-3904456.5,1,479211.84,-3904481.8,1,479246.25,-3904505.8,1,479271.56,-3904523.2,1,479301.34,-3904549.5,1,479311.34,-3904561.5,1,479331.22,-3904585.8,1,479348.47,-3904606.5,1,479365.7,-3904632.8,1,479388.3,-3904666.8,1,479401.9,-3904688.8,1,479421.78,-3904719.2,1,479441.03,-3904749.5,1,479475.53,-3904805.5,1,479498.12,-3904841.5,1,479519.84,-3904880.0,1,479530.72,-3904904.0,1,479535.3,-3904922.8,1,479543.5,-3904960.0,1,479553.56,-3904990.5,1,479562.62,-3905018.0,1,479577.12,-3905047.5,1,479593.38,-3905077.2,1,479611.56,-3905114.2,1,479634.28,-3905159.8,1,479646.06,-3905181.5,1,479661.47,-3905207.8,1,479675.06,-3905234.0,1,479698.62,-3905271.2,1,479723.16,-3905310.0,1,479745.2,-3905334.2,1,479765.6,-3905357.0
11_2_ìåäCìπê¸_ìåì˙ñ{ó∑ãqìSìπ,0,448794.78,-3899138.8,1,448893.3,-3899158.0,1,449128.84,-3899203.5
12_4_ñ{ê¸_ãûïlã}çsìdìS,0,495450.44,-3926330.5,1,495359.53,-3926209.2,1,495293.03,-3926124.0,1,495262.53,-3926085.2,1,495208.75,-3926018.2,1,495129.16,-3925917.5,1,495075.34,-3925843.0,1,495051.03,-3925807.2
12_4_ëÂétê¸_ãûïlã}çsìdìS,0,496370.75,-3927505.8,1,496301.38,-3927424.8
12_4_ìSìπê¸_î†ç™ìoéRìSìπ,0,444339.44,-3895946.5,1,444395.88,-3895952.5,1,444429.5,-3895958.5,1,444469.06,-3895972.2,1,444511.3,-3895993.5,1,444547.03,-3896014.2,1,444587.22,-3896023.5,1,444613.1,-3896028.8,1,444673.25,-3896020.8,1,444692.16,-3896013.5,1,444764.47,-3895998.8,1,444820.94,-3895989.0,1,444888.78,-3895988.8,1,444934.0,-3895987.8,1,444985.97,-3895990.5,1,445047.44,-3895995.5,1,445110.34,-3896004.8,1,445167.9,-3896013.0,1,445208.16,-3896021.2,1,445243.78,-3896025.0,1,445280.62,-3896024.0,1,445294.25,-3896022.2,1,445299.78,-3896020.8,1,445309.6,-3896018.8,1,445322.6,-3896015.8,1,445343.28,-3896003.2,1,445369.9,-3895985.5,1,445420.75,-3895951.2,1,445447.22,-3895934.8,1,445488.03,-3895912.2,1,445554.88,-3895879.5,1,445589.2,-3895866.5,1,445724.22,-3895821.0
12_4_ñ{ê¸_ãûïlã}çsìdìS,0,493576.4,-3899321.0,1,493583.94,-3899315.8,1,493597.22,-3899306.2,1,493607.66,-3899298.5,1,493627.03,-3899285.8,1,493693.1,-3899233.0,1,493734.38,-3899196.0,1,493767.62,-3899151.5,1,493786.7,-3899129.0,1,493809.78,-3899089.0,1,493837.75,-3899048.0,1,493871.9,-3898992.0,1,493899.72,-3898940.0,1,493905.97,-3898908.8,1,493913.03,-3898881.8,1,493915.84,-3898855.2,1,493917.1,-3898827.0,1,493917.06,-3898769.2,1,493917.5,-3898745.2,1,493919.75,-3898720.0,1,493923.0,-3898685.5,1,493927.1,-3898668.0,1,493932.62,-3898647.0,1,493937.06,-3898633.5,1,493944.7,-3898613.0,1,493951.22,-3898597.2,1,493958.75,-3898581.8,1,493975.12,-3898552.5,1,493987.75,-3898533.0,1,493999.47,-3898516.5,1,494011.2,-3898502.2,1,494034.0,-3898471.8,1,494046.72,-3898460.0,1,494065.8,-3898440.8
12_4_ìSìπê¸_î†ç™ìoéRìSìπ,0,436936.72,-3896540.0,1,436946.28,-3896499.5
12_4_ñ{ê¸_ëäñÕìSìπ,0,486689.75,-3919273.2,1,486784.75,-3919145.5
12_4_ñ{ê¸_ãûïlã}çsìdìS,0,494170.75,-3924485.5,1,494135.06,-3924422.5,1,494008.75,-3924178.0,1,494003.03,-3924168.2,1,493979.16,-3924127.0,1,493940.47,-3924056.2,1,493919.5,-3924020.2,1,493904.78,-3923997.0,1,493879.72,-3923957.8,1,493862.47,-3923937.2,1,493819.28,-3923887.2
11_2_ç™ä›ê¸_ìåì˙ñ{ó∑ãqìSìπ,0,486815.97,-3910405.8,1,486798.62,-3910400.5,1,486770.44,-3910390.0,1,486656.5,-3910351.0,1,486588.6,-3910329.2,1,486571.97,-3910323.8,1,486525.8,-3910304.8,1,486472.34,-3910274.5,1,486403.1,-3910237.5,1,486332.0,-3910204.0,1,486309.1,-3910195.2,1,486271.0,-3910180.0,1,486199.22,-3910157.2,1,486179.3,-3910150.5,1,486157.88,-3910143.2,1,486107.8,-3910131.5,1,486090.72,-3910127.2,1,486060.8,-3910120.0,1,486022.56,-3910114.0,1,486019.66,-3910113.5,1,485968.97,-3910108.2,1,485895.22,-3910106.0,1,485855.53,-3910108.2,1,485696.97,-3910127.5,1,485629.66,-3910134.5,1,485507.12,-3910135.5,1,485445.38,-3910133.8,1,485411.66,-3910131.2,1,485335.97,-3910123.8,1,485328.25,-3910121.5,1,485280.8,-3910108.2,1,485179.6,-3910079.8,1,485079.97,-3910050.0
13_4_ëÂéRç|çıê¸_ëÂéRäœåıìdìS,0,454292.1,-3916380.0,1,454254.56,-3916408.0
11_2_ìåäCìπê¸_ìåì˙ñ{ó∑ãqìSìπ,0,464505.66,-3904872.8,1,464656.94,-3904903.8,1,464809.25,-3904945.0,1,464939.53,-3904978.0,1,465044.16,-3904999.8,1,465232.25,-3905038.5,1,465269.62,-3905046.0,1,465322.03,-3905056.5,1,465365.3,-3905065.2,1,465510.88,-3905098.0,1,465540.34,-3905106.5,1,465579.94,-3905120.0,1,465686.9,-3905144.2,1,465993.56,-3905212.2,1,466188.84,-3905253.5,1,466320.0,-3905282.5,1,466367.75,-3905292.2,1,466383.38,-3905293.5,1,466397.22,-3905294.5,1,466414.66,-3905295.8,1,466454.3,-3905299.2,1,466492.3,-3905302.8,1,466522.84,-3905304.0,1,466541.47,-3905304.8,1,466565.12,-3905305.0,1,466588.2,-3905304.2,1,466609.53,-3905302.2,1,466634.88,-3905299.0,1,466653.78,-3905295.2,1,466674.56,-3905290.2,1,466699.44,-3905283.2,1,466733.03,-3905272.2,1,466776.5,-3905254.2,1,466804.25,-3905241.0,1,466833.38,-3905226.8
11_2_ëäñÕê¸_ìåì˙ñ{ó∑ãqìSìπ,0,465738.6,-3928865.8,1,465776.03,-3928814.8,1,465819.3,-3928759.0,1,465877.56,-3928678.2,1,465952.75,-3928569.5,1,466057.22,-3928392.2,1,466085.7,-3928340.8,1,466142.16,-3928249.0,1,466212.78,-3928124.8,1,466272.94,-3928023.2,1,466323.75,-3927937.2,1,466361.3,-3927872.8,1,466395.25,-3927810.8,1,466462.1,-3927697.5,1,466498.3,-3927638.8,1,466528.84,-3927587.2,1,466553.72,-3927543.2,1,466574.8,-3927494.8,1,466600.3,-3927427.5,1,466622.34,-3927377.8,1,466647.84,-3927310.2,1,466669.7,-3927264.8,1,466682.84,-3927240.2,1,466699.0,-3927217.0,1,466715.12,-3927195.2,1,466747.38,-3927159.2,1,466794.25,-3927109.8
24_5_ã‡ëÚÉVÅ[ÉTÉCÉhÉâÉCÉì_â°ïlêVìsésåí ,0,490072.38,-3905789.2,1,490071.53,-3905762.2,1,490081.8,-3905702.8,1,490104.16,-3905597.0,1,490127.16,-3905522.0,1,490157.03,-3905416.8,1,490169.7,-3905371.8,1,490182.9,-3905320.5,1,490190.97,-3905287.5,1,490190.3,-3905260.2,1,490185.1,-3905233.0,1,490171.78,-3905203.8,1,490143.6,-3905177.0,1,490055.1,-3905119.5,1,490050.28,-3905115.8
12_3_3çÜê¸_â°ïlés,0,488969.6,-3920083.2,1,488933.16,-3920180.5,1,488895.72,-3920286.2,1,488885.6,-3920318.5,1,488884.88,-3920331.5,1,488884.2,-3920344.2,1,488881.25,-3920396.5,1,488876.28,-3920559.2,1,488875.34,-3920673.2,1,488873.78,-3920730.0,1,488871.94,-3920781.2,1,488869.2,-3920847.5,1,488865.47,-3920910.0,1,488856.53,-3921018.2,1,488842.8,-3921074.2,1,488816.38,-3921117.8,1,488771.44,-3921163.8,1,488732.56,-3921192.0,1,488696.56,-3921215.8,1,488671.1,-3921227.0,1,488639.7,-3921227.0
12_4_ñ{ê¸_ãûïlã}çsìdìS,0,486897.94,-3915393.2,1,486923.56,-3915290.0,1,486942.88,-3915204.8,1,486964.47,-3915079.8,1,486969.06,-3915046.8,1,486962.3,-3914975.5,1,486959.72,-3914936.5,1,486954.75,-3914886.0,1,486948.88,-3914831.5,1,486934.22,-3914747.2,1,486897.38,-3914566.2,1,486894.25,-3914550.5,1,486868.8,-3914417.5,1,486860.0,-3914354.2,1,486856.03,-3914313.2,1,486852.16,-3914259.0,1,486852.75,-3914175.0,1,486852.44,-3914147.8,1,486852.88,-3914126.0,1,486853.0,-3914085.8,1,486854.97,-3914008.0,1,486855.53,-3913906.5
24_5_ã‡ëÚÉVÅ[ÉTÉCÉhÉâÉCÉì_â°ïlêVìsésåí ,0,491327.06,-3907619.8,1,491404.66,-3907618.8
12_4_ëÂóYéRê¸_à…ì§î†ç™ìSìπ,0,446086.66,-3899671.2,1,445978.53,-3899792.5,1,445978.1,-3899793.2,1,445881.88,-3899898.5,1,445532.44,-3900257.0,1,445282.2,-3900513.0
12_4_ñ{ê¸_ãûïlã}çsìdìS,0,489405.28,-3901877.8,1,489443.75,-3901820.2,1,489473.53,-3901780.5
12_4_ç]Émìáê¸_è¨ìcã}ìdìS,0,475024.1,-3912467.0,1,475051.6,-3912363.8
12_4_ìcâÄìsésê¸_ìåãûã}çsìdìS,0,483368.22,-3932354.8,1,483323.44,-3932332.5,1,483261.9,-3932291.2,1,483214.38,-3932248.0,1,483129.03,-3932123.8,1,483123.12,-3932112.5,1,483098.66,-3932057.5,1,483073.16,-3931995.8,1,483066.4,-3931966.2,1,483059.9,-3931937.8,1,483057.62,-3931923.0,1,483046.53,-3931852.0,1,483026.97,-3931725.8,1,483001.22,-3931559.8,1,482999.38,-3931548.0,1,482989.8,-3931486.2,1,482987.9,-3931474.0
12_3_1çÜê¸_â°ïlés,0,486300.94,-3912876.5,1,486265.5,-3912856.2,1,486221.84,-3912822.2,1,486192.75,-3912793.2,1,486149.03,-3912774.2,1,486101.25,-3912759.2,1,485998.44,-3912748.0,1,485859.4,-3912735.2,1,485809.34,-3912730.5,1,485668.03,-3912719.5,1,485548.78,-3912707.0,1,485460.44,-3912699.8,1,485366.97,-3912691.0,1,485231.94,-3912696.2,1,485093.88,-3912712.8,1,485021.16,-3912721.8,1,484958.88,-3912735.8,1,484920.4,-3912758.5,1,484874.25,-3912789.5,1,484848.22,-3912806.8,1,484810.94,-3912837.8,1,484746.66,-3912890.8
14_4_ç]ÇÃìáê¸_è√ìÏÉÇÉmÉåÅ[Éã,0,479765.6,-3905357.0,1,479802.7,-3905397.5
12_3_1çÜê¸_â°ïlés,0,483386.97,-3913099.2,1,483314.25,-3913112.0,1,483262.34,-3913120.8,1,483217.66,-3913124.8,1,483215.94,-3913124.8,1,483152.28,-3913124.8,1,483075.38,-3913121.2,1,482993.38,-3913116.2,1,482900.25,-3913101.2,1,482806.78,-3913076.0
12_4_ìcâÄìsésê¸_ìåãûã}çsìdìS,0,473210.8,-3924727.2,1,473367.94,-3924743.5,1,473507.53,-3924761.2,1,473559.1,-3924773.5,1,473685.88,-3924810.8,1,473776.38,-3924838.0,1,473819.4,-3924851.8,1,473933.03,-3924886.5,1,474111.94,-3924939.2,1,474130.72,-3924944.8,1,474224.47,-3924972.5,1,474293.66,-3924998.0
11_2_íﬂå©ê¸_ìåì˙ñ{ó∑ãqìSìπ,0,497298.4,-3923278.8,1,497264.34,-3923338.0
11_1_ìåäCìπêVä≤ê¸_ìåäCó∑ãqìSìπ,0,446736.1,-3897159.2,1,446746.8,-3897172.0,1,447158.2,-3897654.2,1,447170.84,-3897669.2,1,447192.2,-3897694.2,1,447227.44,-3897735.5,1,447231.47,-3897740.2,1,447262.44,-3897776.5,1,447364.28,-3897896.2,1,447385.0,-3897920.5,1,447649.88,-3898231.5,1,447681.84,-3898269.2,1,447706.56,-3898298.0,1,447834.78,-3898448.0,1,448104.94,-3898764.5,1,448247.34,-3898931.2,1,448327.78,-3899018.5,1,448400.16,-3899092.2,1,448412.4,-3899105.0,1,448470.6,-3899162.2,1,448482.66,-3899174.2,1,448502.22,-3899193.5,1,448517.22,-3899208.5,1,448525.38,-3899215.5,1,448578.94,-3899261.8,1,448591.38,-3899272.5,1,448651.97,-3899324.8,1,448872.47,-3899493.0,1,449134.72,-3899663.0,1,449186.38,-3899694.5,1,449755.22,-3900011.5,1,449814.6,-3900044.2,1,449825.53,-3900050.2,1,449834.38,-3900055.0,1,449911.94,-3900098.0,1,449970.94,-3900130.5,1,449991.2,-3900141.5,1,449996.5,-3900144.5,1,450029.78,-3900162.8,1,450056.25,-3900177.5,1,450147.0,-3900227.5,1,450441.56,-3900389.8,1,450470.1,-3900405.5,1,450624.2,-3900494.2,1,450764.84,-3900571.2,1,451099.03,-3900754.5,1,451139.16,-3900776.8,1,451240.3,-3900833.0,1,451923.97,-3901208.5,1,452119.97,-3901319.2,1,452312.3,-3901427.8,1,452363.47,-3901454.2,1,452376.12,-3901461.2,1,452488.47,-3901523.5,1,452543.56,-3901554.0,1,452575.75,-3901571.8,1,452699.03,-3901640.2,1,452711.34,-3901647.0,1,452718.94,-3901651.2,1,452729.12,-3901656.8,1,452839.84,-3901718.2,1,452850.06,-3901723.8,1,452891.72,-3901747.0,1,452912.25,-3901758.2,1,452933.3,-3901770.0,1,452952.75,-3901780.8,1,452958.12,-3901783.5,1,453068.97,-3901841.2,1,453081.2,-3901847.0,1,453162.6,-3901886.0,1,453172.8,-3901891.0,1,453283.28,-3901944.0,1,453441.2,-3902012.5,1,453553.0,-3902057.0,1,453709.47,-3902108.5,1,453824.22,-3902146.0,1,453924.6,-3902180.8,1,453997.1,-3902205.0,1,454016.56,-3902211.5,1,454122.94,-3902247.0,1,454138.53,-3902252.2,1,454211.56,-3902276.5,1,454267.12,-3902295.5,1,454702.75,-3902444.5,1,455041.25,-3902562.0,1,455046.3,-3902569.8,1,455072.53,-3902581.5,1,455080.94,-3902585.5,1,455121.1,-3902600.0,1,455144.5,-3902608.2,1,455184.22,-3902622.0,1,455200.6,-3902628.2,1,455247.16,-3902645.5,1,455253.44,-3902647.5,1,455381.84,-3902692.2,1,455510.06,-3902738.0,1,455626.8,-3902778.5,1,455719.1,-3902810.8,1,455780.75,-3902833.0,1,455786.75,-3902835.5,1,455827.1,-3902850.2,1,455837.94,-3902853.8,1,455904.88,-3902876.2,1,455913.06,-3902878.8,1,455987.0,-3902904.0,1,455994.84,-3902906.2,1,456014.25,-3902913.8,1,456053.28,-3902926.0,1,456058.12,-3902927.8,1,456092.28,-3902939.2,1,456098.56,-3902941.5,1,456154.94,-3902962.5,1,456268.66,-3903000.8,1,456301.34,-3903011.8,1,456333.3,-3903022.5,1,456343.44,-3903026.2,1,456384.3,-3903041.5,1,456392.6,-3903044.2,1,456474.84,-3903072.2,1,456644.1,-3903127.8,1,456685.62,-3903141.0,1,456789.7,-3903174.5,1,456849.72,-3903196.2,1,456935.06,-3903229.5,1,456956.8,-3903239.2,1,457158.72,-3903332.5,1,457263.06,-3903389.0,1,457357.53,-3903444.2,1,457400.2,-3903472.2,1,457459.6,-3903515.5,1,457582.16,-3903599.0,1,457699.25,-3903680.2,1,457767.66,-3903729.2,1,457836.62,-3903778.2,1,457882.22,-3903809.8,1,458041.53,-3903922.0,1,458138.78,-3903990.5,1,458269.44,-3904081.8,1,458408.44,-3904180.2,1,458549.44,-3904281.5,1,458658.75,-3904353.8,1,458730.97,-3904406.2,1,458821.94,-3904476.8,1,458875.88,-3904524.8,1,458925.1,-3904576.5,1,458970.03,-3904623.8,1,459058.0,-3904719.0,1,459128.62,-3904799.0,1,459236.78,-3904918.8,1,459255.7,-3904940.5,1,459276.34,-3904963.8,1,459411.8,-3905111.2,1,459494.56,-3905200.8,1,459514.62,-3905221.8,1,459601.4,-3905313.0,1,459634.94,-3905354.2,1,459689.28,-3905413.2,1,459755.22,-3905485.8,1,459800.34,-3905535.2,1,459821.25,-3905558.5,1,459910.56,-3905655.5,1,459963.9,-3905710.2,1,459981.16,-3905729.0,1,460005.34,-3905755.2,1,460060.88,-3905811.5,1,460090.72,-3905844.2,1,460115.75,-3905871.5,1,460166.03,-3905936.8,1,460261.8,-3906060.2,1,460352.94,-3906179.0,1,460468.2,-3906328.5,1,460494.06,-3906361.2,1,460552.56,-3906437.2,1,460582.8,-3906476.8,1,460699.16,-3906625.5,1,460720.16,-3906653.2,1,460724.1,-3906658.2,1,460755.1,-3906699.0,1,460855.06,-3906828.0,1,460871.97,-3906850.8,1,460897.84,-3906884.2,1,460909.34,-3906900.5,1,460985.38,-3906997.2,1,461004.3,-3907023.2,1,461056.38,-3907090.2,1,461074.6,-3907116.5,1,461169.5,-3907235.0,1,461285.8,-3907383.2,1,461375.25,-3907496.0,1,461396.28,-3907521.0,1,461470.38,-3907615.2,1,461478.03,-3907624.8,1,461617.16,-3907799.5,1,461681.44,-3907871.5,1,461713.75,-3907905.2,1,461737.75,-3907929.0,1,461844.66,-3908026.8,1,461920.97,-3908091.2,1,462009.78,-3908168.0,1,462192.0,-3908325.0,1,462259.56,-3908382.5,1,462355.22,-3908467.2,1,462385.4,-3908493.0,1,462499.56,-3908592.2,1,462626.4,-3908702.0,1,462647.72,-3908720.5,1,463005.16,-3909031.5,1,463029.22,-3909051.2,1,463197.34,-3909197.8,1,463222.12,-3909219.8,1,463367.56,-3909345.5,1,463420.97,-3909393.2,1,463591.0,-3909540.8,1,463697.66,-3909632.8,1,463768.5,-3909693.5,1,463805.34,-3909726.2,1,463896.4,-3909805.2,1,464005.25,-3909900.8,1,464033.7,-3909926.8,1,464134.22,-3910012.8,1,464206.6,-3910075.5,1,464256.2,-3910119.2,1,464313.25,-3910169.2,1,464362.75,-3910211.2,1,464390.28,-3910238.2,1,464535.75,-3910363.2,1,464559.1,-3910384.5,1,464661.44,-3910471.2,1,464700.53,-3910506.0,1,464711.22,-3910515.5,1,464731.8,-3910533.8,1,464889.75,-3910671.8,1,464912.62,-3910691.0,1,464931.3,-3910708.0,1,464944.1,-3910719.2,1,464954.03,-3910728.2,1,464999.06,-3910768.5,1,465013.1,-3910780.0,1,465021.56,-3910788.5,1,465128.84,-3910882.2,1,465156.16,-3910905.0,1,465304.44,-3911034.2,1,465398.03,-3911116.0,1,465496.0,-3911199.0,1,465501.66,-3911204.0,1,465519.4,-3911217.0,1,465541.0,-3911232.8,1,465548.47,-3911239.2,1,465573.88,-3911258.2,1,465693.94,-3911348.8,1,465784.9,-3911410.5,1,465825.22,-3911434.0,1,465867.56,-3911460.2,1,465920.53,-3911490.5,1,465971.5,-3911520.2,1,466099.94,-3911591.2,1,466208.16,-3911651.0,1,466255.66,-3911676.8,1,466296.4,-3911699.0,1,466401.62,-3911758.2,1,466438.66,-3911778.2,1,466636.03,-3911879.2,1,466638.66,-3911880.8,1,466795.75,-3911965.0,1,467006.75,-3912075.5,1,467041.5,-3912095.0,1,467150.78,-3912153.0,1,467331.88,-3912249.0,1,467380.9,-3912275.2,1,467401.94,-3912286.5,1,467423.12,-3912298.0,1,467528.22,-3912354.0,1,467551.7,-3912366.2,1,467580.34,-3912381.5,1,467610.94,-3912397.0,1,467652.6,-3912418.8,1,467797.44,-3912495.5,1,467875.5,-3912537.0,1,467948.3,-3912576.0,1,468033.9,-3912621.2,1,468081.6,-3912646.5,1,468217.62,-3912719.2,1,468259.72,-3912741.2,1,468346.25,-3912788.0,1,468478.72,-3912856.8,1,468579.44,-3912910.0,1,468699.88,-3912973.8,1,468721.53,-3912985.2,1,468958.97,-3913111.5,1,468980.25,-3913123.2,1,469100.62,-3913186.2,1,469351.4,-3913318.5,1,469483.3,-3913389.0,1,469588.75,-3913445.2,1,469728.12,-3913519.0,1,470048.38,-3913688.8,1,470105.16,-3913719.0,1,470126.88,-3913730.2,1,470334.28,-3913842.5,1,470375.47,-3913863.2,1,470703.12,-3914041.2,1,470926.12,-3914162.2,1,471102.94,-3914255.0,1,471258.84,-3914340.8,1,471403.62,-3914420.2,1,471606.72,-3914534.0,1,471640.03,-3914552.5,1,471763.16,-3914620.8,1,471813.0,-3914648.2,1,471832.47,-3914659.5,1,472024.47,-3914767.0,1,472128.94,-3914824.2,1,472265.47,-3914899.0,1,472418.7,-3914982.2,1,472446.5,-3914997.5,1,472464.97,-3915008.2,1,472603.38,-3915083.2,1,472682.84,-3915126.8,1,472732.5,-3915153.8,1,472734.97,-3915155.0,1,472849.44,-3915217.5,1,472880.38,-3915234.2,1,472909.2,-3915250.0,1,472954.28,-3915274.5,1,472982.75,-3915290.0,1,473088.06,-3915347.2,1,473102.34,-3915355.0,1,473172.0,-3915393.8,1,473272.56,-3915448.2,1,473355.75,-3915494.2,1,473399.03,-3915518.2,1,473628.8,-3915645.0,1,473644.1,-3915653.5,1,473649.0,-3915656.2,1,473787.12,-3915732.8,1,473851.75,-3915768.5,1,473862.5,-3915774.0,1,474027.78,-3915861.0,1,474043.5,-3915869.0,1,474185.34,-3915943.5,1,474243.62,-3915976.0,1,474274.34,-3915993.2,1,474360.0,-3916041.2,1,474380.34,-3916052.8,1,474443.28,-3916086.5,1,474453.44,-3916092.0,1,474476.8,-3916104.8,1,474539.28,-3916138.5,1,474558.38,-3916148.8,1,474563.9,-3916151.5,1,474587.53,-3916164.0,1,474630.9,-3916185.8,1,474648.62,-3916194.8,1,474652.8,-3916197.0,1,474736.25,-3916239.0,1,474785.97,-3916262.8,1,474800.44,-3916269.5,1,474807.88,-3916273.2,1,474818.34,-3916278.0,1,474831.97,-3916284.5,1,474861.25,-3916298.5,1,475030.22,-3916378.2,1,475120.62,-3916416.0,1,475178.53,-3916440.8,1,475289.47,-3916489.0,1,475392.8,-3916533.5,1,475425.8,-3916548.5,1,475634.28,-3916643.0,1,475661.47,-3916655.0,1,475693.62,-3916669.2,1,475730.16,-3916685.0,1,475759.4,-3916697.8,1,475902.72,-3916759.5,1,476042.94,-3916822.5,1,476048.4,-3916825.0,1,476071.47,-3916835.2,1,476076.75,-3916837.8,1,476117.47,-3916856.0,1,476122.9,-3916858.5,1,476138.38,-3916865.5,1,476145.47,-3916868.5,1,476181.62,-3916884.8,1,476266.12,-3916923.2,1,476282.22,-3916930.5,1,476439.53,-3917002.2,1,476446.16,-3917005.5,1,476454.16,-3917009.0,1,476461.16,-3917012.2,1,476483.97,-3917022.8,1,476513.12,-3917035.5,1,476577.84,-3917064.2,1,476586.66,-3917068.2,1,476607.28,-3917077.2,1,476659.16,-3917099.5,1,476669.78,-3917104.2,1,476690.88,-3917111.8,1,476701.88,-3917116.8,1,476759.75,-3917142.2,1,476767.2,-3917145.5,1,476776.47,-3917149.8,1,476781.9,-3917152.2,1,476919.03,-3917215.0,1,476926.4,-3917218.2,1,477050.97,-3917272.5,1,477090.94,-3917290.0,1,477120.3,-3917302.8,1,477312.84,-3917387.0,1,477339.28,-3917398.5,1,477384.44,-3917418.2,1,477535.53,-3917484.0,1,477551.88,-3917491.2,1,477553.97,-3917492.0,1,477662.2,-3917542.5,1,477705.8,-3917560.8,1,477727.25,-3917569.5,1,477804.9,-3917598.0,1,477963.75,-3917670.2,1,478120.0,-3917740.0,1,478322.34,-3917831.5,1,478477.72,-3917902.8,1,478542.4,-3917931.5,1,478685.28,-3917987.5,1,478948.53,-3918082.2,1,478991.3,-3918097.8,1,479319.38,-3918213.2,1,479562.88,-3918307.8,1,479572.7,-3918311.5,1,479796.56,-3918426.8,1,480007.94,-3918558.0,1,480156.2,-3918657.0,1,480410.66,-3918840.5,1,480429.66,-3918853.8,1,480565.44,-3918951.5,1,480582.1,-3918963.2,1,480873.62,-3919174.5,1,480954.25,-3919234.2,1,481046.3,-3919296.5,1,481240.78,-3919439.0,1,481392.9,-3919549.2,1,481642.0,-3919727.0,1,481866.53,-3919890.8,1,481926.22,-3919931.2,1,481942.03,-3919943.8,1,481958.12,-3919955.8,1,482044.44,-3920017.5,1,482160.47,-3920102.8,1,482324.75,-3920218.8,1,482412.97,-3920281.0,1,482441.4,-3920301.0,1,482448.78,-3920306.2,1,482657.3,-3920459.8,1,482678.66,-3920475.2,1,482686.8,-3920481.0,1,482698.53,-3920489.5,1,482753.5,-3920529.2,1,482860.2,-3920607.0,1,482956.66,-3920676.5,1,482971.28,-3920687.2,1,483006.44,-3920712.0,1,483114.66,-3920790.0,1,483201.6,-3920850.0,1,483339.12,-3920949.5,1,483419.9,-3921011.8,1,483569.6,-3921115.8,1,483647.44,-3921171.8,1,483668.06,-3921186.2,1,483755.72,-3921249.8,1,483811.06,-3921288.2,1,483881.25,-3921335.2,1,483897.78,-3921346.2,1,483976.53,-3921393.8,1,484030.94,-3921429.2,1,484075.78,-3921456.5,1,484138.28,-3921491.8,1,484171.06,-3921508.8,1,484401.47,-3921614.8,1,484458.3,-3921638.2,1,484498.97,-3921654.0,1,484596.75,-3921688.8,1,484638.5,-3921704.8,1,484684.88,-3921718.8,1,484826.72,-3921759.5,1,484949.62,-3921797.2,1,485056.53,-3921829.5,1,485107.53,-3921844.5,1,485441.44,-3921941.2,1,485478.66,-3921952.0,1,485519.6,-3921964.2,1,485629.94,-3921997.0,1,485842.12,-3922068.8,1,485852.94,-3922072.5,1,485879.62,-3922081.2,1,485886.97,-3922083.5,1,486088.94,-3922168.2,1,486192.6,-3922220.5,1,486259.25,-3922254.8,1,486272.12,-3922262.0,1,486334.06,-3922297.2,1,486346.3,-3922304.8,1,486371.9,-3922320.8
12_4_ñ{ê¸_ãûïlã}çsìdìS,0,489784.56,-3908334.0,1,489726.34,-3908190.5,1,489707.22,-3908145.8,1,489695.34,-3908087.0,1,489696.16,-3907998.2,1,489698.7,-3907840.8,1,489702.0,-3907714.8,1,489700.22,-3907684.5,1,489688.25,-3907614.2,1,489673.38,-3907552.5,1,489654.03,-3907490.8,1,489619.88,-3907416.2,1,489616.16,-3907409.8,1,489602.84,-3907386.0,1,489541.16,-3907318.8,1,489465.03,-3907242.0,1,489436.9,-3907212.5,1,489414.34,-3907179.0,1,489360.06,-3907069.8,1,489278.56,-3906910.2,1,489257.97,-3906871.0,1,489200.97,-3906774.2,1,489184.56,-3906742.2,1,489167.6,-3906665.8,1,489144.0,-3906548.8
11_2_â°ïlê¸_ìåì˙ñ{ó∑ãqìSìπ,0,490115.5,-3921285.8,1,490254.94,-3921465.8
11_2_ëäñÕê¸_ìåì˙ñ{ó∑ãqìSìπ,0,467145.8,-3910892.5,1,467133.03,-3911024.0,1,467118.25,-3911202.0,1,467113.72,-3911253.5,1,467106.28,-3911337.2,1,467101.16,-3911399.0,1,467093.56,-3911479.2,1,467087.06,-3911515.8,1,467076.22,-3911560.2,1,467067.0,-3911591.0,1,467054.25,-3911629.0,1,467025.88,-3911724.8,1,467009.78,-3911789.2,1,467000.22,-3911835.5,1,466994.66,-3911878.5,1,466992.97,-3911912.2,1,466992.5,-3912006.2,1,466994.06,-3912085.2,1,466996.94,-3912123.2,1,467003.25,-3912161.8,1,467012.66,-3912201.0,1,467023.75,-3912233.2
12_4_ñ{ê¸_ãûïlã}çsìdìS,0,496873.66,-3897242.5,1,497042.4,-3897238.5
11_2_ìåäCìπê¸_ìåì˙ñ{ó∑ãqìSìπ,0,449128.84,-3899203.5,1,449289.84,-3899234.8,1,449320.44,-3899240.8,1,449562.25,-3899287.5,1,449621.62,-3899299.0,1,449720.88,-3899318.2,1,450650.0,-3899498.8,1,450679.3,-3899503.2,1,450688.6,-3899505.0,1,451146.0,-3899593.8,1,451160.94,-3899596.8,1,451191.16,-3899602.8,1,451211.56,-3899606.5,1,451516.72,-3899666.0,1,451749.22,-3899720.8
11_2_â°ê{âÍê¸_ìåì˙ñ{ó∑ãqìSìπ,0,482470.28,-3904865.5,1,482464.7,-3904889.8,1,482456.1,-3904949.8,1,482453.03,-3905007.8,1,482453.78,-3905023.5,1,482453.22,-3905104.5,1,482454.9,-3905183.8,1,482455.0,-3905232.0,1,482456.62,-3905265.0,1,482460.06,-3905306.0,1,482463.3,-3905343.8,1,482467.34,-3905366.0,1,482470.56,-3905387.2,1,482475.34,-3905408.8
12_4_ñ{ê¸_ãûïlã}çsìdìS,0,495128.94,-3897594.5,1,495137.75,-3897589.5,1,495157.94,-3897578.2,1,495222.6,-3897549.8,1,495255.7,-3897536.2,1,495275.88,-3897529.5,1,495296.16,-3897526.5,1,495352.38,-3897522.2,1,495409.12,-3897518.0,1,495464.34,-3897514.0,1,495498.9,-3897511.8,1,495527.47,-3897508.5,1,495543.12,-3897506.8,1,495586.12,-3897501.8,1,495619.7,-3897499.0,1,495628.88,-3897497.2,1,495638.44,-3897493.5,1,495644.53,-3897490.8,1,495653.06,-3897487.0,1,495747.56,-3897436.2
12_3_1çÜê¸_â°ïlés,0,475722.28,-3912549.5,1,475742.28,-3912552.5,1,475813.16,-3912566.8,1,475870.84,-3912580.0,1,475923.66,-3912595.0,1,475971.56,-3912616.8,1,475998.56,-3912631.5,1,476027.3,-3912650.2,1,476050.25,-3912669.8,1,476053.9,-3912673.5,1,476082.97,-3912705.2,1,476120.5,-3912753.8,1,476142.75,-3912789.0,1,476174.84,-3912842.5,1,476216.47,-3912920.0,1,476246.3,-3912971.8,1,476267.53,-3913004.5,1,476298.6,-3913035.2,1,476336.1,-3913068.8,1,476378.03,-3913096.0,1,476416.66,-3913116.0,1,476496.22,-3913151.8
12_4_ñ{ê¸_ãûïlã}çsìdìS,0,492199.9,-3922385.0,1,492288.4,-3922427.2
11_2_ç™ä›ê¸_ìåì˙ñ{ó∑ãqìSìπ,0,491040.03,-3917135.8,1,491030.44,-3917159.0,1,491013.94,-3917195.5,1,490996.1,-3917229.0,1,490973.8,-3917260.8,1,490952.16,-3917292.5,1,490927.7,-3917321.0,1,490907.28,-3917339.8,1,490890.03,-3917352.2,1,490864.56,-3917369.2,1,490837.16,-3917384.8,1,490799.6,-3917404.2,1,490761.97,-3917426.0,1,490714.78,-3917450.2,1,490680.97,-3917468.0,1,490644.03,-3917487.5,1,490613.38,-3917509.2,1,490584.72,-3917531.0,1,490559.88,-3917548.8,1,490516.28,-3917583.5
12_4_ç]ÉmìáìdìSê¸_ç]ÉmìáìdìS,0,480056.97,-3902209.5,1,480008.88,-3902208.0,1,479977.16,-3902207.2,1,479952.78,-3902202.5,1,479951.6,-3902202.2,1,479928.12,-3902194.0,1,479897.1,-3902179.8,1,479879.78,-3902172.2,1,479829.44,-3902171.5,1,479783.88,-3902174.0,1,479728.7,-3902172.5,1,479688.6,-3902174.2,1,479663.78,-3902177.0,1,479622.72,-3902186.5,1,479607.53,-3902188.0,1,479586.2,-3902190.8,1,479558.56,-3902194.0,1,479530.9,-3902189.2,1,479510.9,-3902185.0,1,479499.16,-3902186.8,1,479460.56,-3902197.8,1,479328.84,-3902246.5,1,479240.66,-3902279.5,1,479198.6,-3902294.5,1,479160.62,-3902312.2,1,479132.38,-3902324.0,1,479113.75,-3902335.0,1,479100.72,-3902347.5,1,479093.28,-3902359.5,1,479085.03,-3902371.2,1,479077.44,-3902387.2,1,479071.28,-3902402.5,1,479063.7,-3902417.5,1,479055.44,-3902430.0,1,479046.53,-3902436.8,1,479041.28,-3902440.0,1,479012.84,-3902443.5,1,479004.38,-3902442.5,1,478996.2,-3902442.0,1,478989.2,-3902437.8
11_2_ëäñÕê¸_ìåì˙ñ{ó∑ãqìSìπ,0,468963.38,-3908062.5,1,468947.25,-3908134.0,1,468933.97,-3908175.0,1,468918.84,-3908213.8,1,468900.53,-3908253.8,1,468871.53,-3908304.5,1,468847.16,-3908345.8,1,468821.38,-3908380.5,1,468793.78,-3908415.0,1,468752.06,-3908459.2,1,468667.3,-3908541.2,1,468566.3,-3908627.0,1,468481.0,-3908700.5,1,468462.88,-3908716.2,1,468447.84,-3908729.2,1,468438.4,-3908737.0,1,468435.97,-3908739.0,1,468346.56,-3908814.2,1,468189.6,-3908945.5,1,468019.03,-3909091.2,1,467910.47,-3909187.0,1,467875.88,-3909216.2
12_4_ñ{ê¸_ëäñÕìSìπ,0,474676.97,-3920523.2,1,474451.44,-3920533.5
12_3_3çÜê¸_â°ïlés,0,490001.72,-3918193.2,1,489961.94,-3918254.5,1,489922.38,-3918315.5
12_3_3çÜê¸_â°ïlés,0,485247.7,-3929789.8,1,485181.0,-3929627.8
11_2_ëäñÕê¸_ìåì˙ñ{ó∑ãqìSìπ,0,467299.4,-3925851.5,1,467328.16,-3925776.2,1,467349.28,-3925723.8,1,467361.0,-3925701.2,1,467370.0,-3925684.0,1,467379.62,-3925666.2,1,467387.03,-3925655.5,1,467392.44,-3925647.5,1,467399.66,-3925637.2,1,467403.53,-3925631.8,1,467407.94,-3925625.5,1,467421.56,-3925607.0,1,467431.7,-3925593.5,1,467458.22,-3925560.2,1,467481.97,-3925531.8,1,467517.62,-3925485.8,1,467535.94,-3925459.0,1,467564.16,-3925419.0,1,467571.47,-3925407.5,1,467574.72,-3925402.5,1,467584.7,-3925381.2,1,467600.25,-3925344.5,1,467635.7,-3925241.2,1,467660.66,-3925170.2,1,467672.9,-3925127.8,1,467677.9,-3925102.5,1,467679.6,-3925065.5,1,467691.25,-3924828.8,1,467695.2,-3924743.5,1,467705.22,-3924528.8,1,467706.12,-3924502.5,1,467706.44,-3924491.8,1,467717.12,-3924233.8,1,467721.8,-3924125.5,1,467735.2,-3923819.0,1,467753.78,-3923438.8,1,467757.34,-3923368.8,1,467759.38,-3923330.8,1,467764.5,-3923290.8,1,467770.12,-3923242.8,1,467788.5,-3923132.0
12_4_ìSìπê¸_î†ç™ìoéRìSìπ,0,439454.2,-3894733.5,1,439430.75,-3894767.5,1,439408.3,-3894800.5,1,439395.25,-3894822.2,1,439389.44,-3894834.5
12_3_1çÜê¸_â°ïlés,0,479709.16,-3913454.0,1,479556.8,-3913590.8,1,479510.16,-3913631.2,1,479473.94,-3913678.0,1,479366.7,-3913824.5,1,479336.62,-3913861.0,1,479298.3,-3913897.8,1,479252.72,-3913933.2,1,479156.25,-3913989.0
12_5_Ç›Ç»Ç∆Ç›ÇÁÇ¢ê¸_â°ïlçÇë¨ìSìπ,0,490960.4,-3918001.0,1,491137.6,-3917877.8
11_2_â°ê{âÍê¸_ìåì˙ñ{ó∑ãqìSìπ,0,482641.88,-3903744.5,1,482641.2,-3903763.0,1,482642.66,-3903812.2,1,482643.47,-3903862.8,1,482646.28,-3903903.0,1,482648.44,-3903932.2,1,482653.34,-3903976.2
12_4_ñ{ê¸_ëäñÕìSìπ,0,474676.97,-3920523.2,1,475081.66,-3920504.8,1,475174.75,-3920500.5,1,475319.7,-3920491.5,1,475463.12,-3920488.5,1,475603.03,-3920488.2,1,475691.25,-3920493.0,1,475775.2,-3920500.0,1,475789.06,-3920501.2,1,475800.5,-3920502.0,1,475812.47,-3920503.2,1,475929.2,-3920515.0,1,475958.3,-3920517.5,1,476062.78,-3920527.8,1,476147.9,-3920536.2,1,476208.53,-3920543.8,1,476262.06,-3920549.2,1,476328.97,-3920556.5,1,476347.0,-3920558.2,1,476415.0,-3920565.0,1,476482.78,-3920571.8
12_4_ñ{ê¸_ãûïlã}çsìdìS,0,487277.1,-3916531.5,1,487157.44,-3916500.0
12_4_ìåâ°ê¸_ìåãûã}çsìdìS,0,491482.1,-3929916.5,1,491420.12,-3929658.2
11_2_â°ïlê¸_ìåì˙ñ{ó∑ãqìSìπ,0,488664.53,-3924559.2,1,488499.25,-3924534.5,1,488416.34,-3924521.8,1,488151.5,-3924486.5,1,488063.78,-3924473.2,1,487974.28,-3924463.5,1,487950.4,-3924462.0,1,487908.72,-3924464.0,1,487872.8,-3924468.0,1,487779.03,-3924478.2,1,487715.6,-3924491.2,1,487621.12,-3924519.5,1,487534.47,-3924556.8,1,487442.88,-3924605.5,1,487222.88,-3924735.8
24_5_ã‡ëÚÉVÅ[ÉTÉCÉhÉâÉCÉì_â°ïlêVìsésåí ,0,491044.5,-3909633.0,1,491037.97,-3909715.5
11_2_ëäñÕê¸_ìåì˙ñ{ó∑ãqìSìπ,0,467145.8,-3910892.5,1,467133.03,-3911024.0,1,467118.25,-3911202.0,1,467113.72,-3911253.5,1,467106.28,-3911337.2,1,467101.16,-3911399.0,1,467093.56,-3911479.2,1,467087.06,-3911515.8,1,467076.22,-3911560.2,1,467067.0,-3911591.0,1,467054.25,-3911629.0,1,467025.88,-3911724.8,1,467009.78,-3911789.2,1,467000.22,-3911835.5,1,466994.66,-3911878.5,1,466992.97,-3911912.2,1,466992.5,-3912006.2,1,466994.06,-3912085.2,1,466996.94,-3912123.2,1,467003.25,-3912161.8,1,467012.66,-3912201.0,1,467023.75,-3912233.2
12_3_1çÜê¸_â°ïlés,0,490504.7,-3917782.2,1,490376.0,-3917871.5
11_2_â°ê{âÍê¸_ìåì˙ñ{ó∑ãqìSìπ,0,482189.1,-3905839.8,1,482247.94,-3905774.0,1,482263.47,-3905757.0,1,482289.66,-3905726.8,1,482328.56,-3905683.2,1,482362.75,-3905646.5,1,482391.3,-3905610.5,1,482407.97,-3905587.2,1,482436.53,-3905546.5,1,482443.7,-3905532.2,1,482455.53,-3905502.0,1,482466.66,-3905473.0,1,482472.94,-3905440.2,1,482475.34,-3905408.8
12_4_Ç¢Ç∏Ç›ñÏê¸_ëäñÕìSìπ,0,480963.9,-3919722.2,1,481111.56,-3919856.5
12_4_ñ{ê¸_ãûïlã}çsìdìS,0,489341.72,-3920199.0,1,489362.1,-3920227.0,1,489511.12,-3920432.2,1,489543.75,-3920479.8,1,489590.47,-3920543.5,1,489641.97,-3920615.0
12_3_1çÜê¸_â°ïlés,0,479156.25,-3913989.0,1,479054.6,-3914050.0
11_2_íﬂå©ê¸_ìåì˙ñ{ó∑ãqìSìπ,0,495834.1,-3923519.8,1,495785.22,-3923521.0
14_4_ç]ÇÃìáê¸_è√ìÏÉÇÉmÉåÅ[Éã,0,477265.06,-3903276.5,1,477202.88,-3903233.8,1,477197.78,-3903230.8,1,477036.12,-3903117.8,1,477031.84,-3903114.2,1,476972.75,-3903070.2,1,476969.75,-3903067.5
11_2_ìåäCìπê¸_ìåì˙ñ{ó∑ãqìSìπ,0,460954.2,-3902960.2,1,460906.3,-3902927.5,1,460881.34,-3902914.5,1,460838.34,-3902891.8,1,460799.72,-3902874.5,1,460754.28,-3902857.8,1,460709.6,-3902844.8,1,460670.47,-3902836.2,1,460590.88,-3902825.8,1,460433.47,-3902801.8,1,460221.3,-3902767.8,1,460020.38,-3902737.8,1,459898.1,-3902720.0,1,459818.88,-3902708.5,1,459630.0,-3902681.0,1,459424.06,-3902652.5,1,459264.38,-3902629.0,1,459130.75,-3902610.2,1,458901.03,-3902576.2,1,458847.53,-3902568.5,1,458825.8,-3902565.2,1,458807.25,-3902562.8,1,458655.4,-3902541.2,1,458474.8,-3902514.5,1,458448.88,-3902510.5,1,458305.78,-3902489.8,1,458174.5,-3902470.5,1,458157.6,-3902467.8,1,458019.94,-3902446.2,1,457932.3,-3902433.8,1,457843.25,-3902421.0,1,457760.62,-3902408.0,1,457647.1,-3902392.0,1,457547.28,-3902375.5,1,457454.56,-3902359.5,1,457383.47,-3902341.0,1,457335.66,-3902326.8,1,457278.0,-3902304.5,1,457231.62,-3902284.2,1,457104.9,-3902228.0,1,456970.84,-3902163.5,1,456903.97,-3902131.5,1,456733.47,-3902049.8,1,456498.25,-3901937.5,1,456390.72,-3901887.5,1,456295.3,-3901841.8,1,456259.47,-3901823.8,1,456216.66,-3901803.8,1,456202.72,-3901797.2,1,456188.84,-3901790.2,1,456053.4,-3901724.8
12_4_ñ{ê¸_ãûïlã}çsìdìS,0,492199.9,-3922385.0,1,492288.4,-3922427.2
11_2_íﬂå©ê¸_ìåì˙ñ{ó∑ãqìSìπ,0,496872.22,-3924043.0,1,496887.62,-3924051.0,1,496904.25,-3924060.0,1,496927.62,-3924073.0,1,496939.16,-3924080.2,1,496953.5,-3924089.2,1,496962.2,-3924095.2,1,496972.28,-3924103.8,1,496983.16,-3924113.8,1,497006.28,-3924134.5,1,497026.25,-3924154.0,1,497050.2,-3924176.5,1,497065.16,-3924196.8,1,497097.12,-3924285.5,1,497157.38,-3924447.8,1,497159.3,-3924476.5,1,497159.3,-3924521.2,1,497162.4,-3924567.2,1,497166.6,-3924593.8,1,497175.5,-3924624.0,1,497189.47,-3924653.8,1,497216.97,-3924701.8,1,497239.28,-3924741.5,1,497269.4,-3924770.0,1,497306.78,-3924804.5,1,497350.4,-3924835.0,1,497381.06,-3924854.0,1,497436.8,-3924870.2
12_4_ëÂóYéRê¸_à…ì§î†ç™ìSìπ,0,442601.12,-3903839.2,1,442807.47,-3903777.5,1,442959.28,-3903733.0,1,443046.22,-3903710.5,1,443125.5,-3903696.0,1,443176.16,-3903688.0,1,443317.44,-3903658.0
12_3_3çÜê¸_â°ïlés,0,488771.56,-3924795.0,1,488719.3,-3924851.5
12_4_ëÂóYéRê¸_à…ì§î†ç™ìSìπ,0,444136.34,-3902006.8,1,444101.28,-3902056.5
11_2_å‰ìaèÍê¸_ìåäCó∑ãqìSìπ,0,440066.94,-3908645.8,1,440223.5,-3908674.0,1,440312.0,-3908690.2,1,440350.75,-3908697.2,1,440418.72,-3908709.5,1,440530.88,-3908730.0,1,440652.5,-3908752.8,1,440907.8,-3908793.2,1,441028.0,-3908818.8,1,441333.28,-3908872.8,1,441520.47,-3908904.8,1,441522.1,-3908905.0,1,441565.0,-3908910.2,1,441566.75,-3908910.5,1,441630.06,-3908910.8,1,441634.97,-3908910.8,1,441683.47,-3908908.2,1,441743.4,-3908890.5,1,441780.12,-3908877.2,1,441809.72,-3908859.5,1,441830.72,-3908845.0,1,441856.06,-3908820.0,1,441892.06,-3908780.8,1,442074.66,-3908606.8,1,442160.8,-3908525.5,1,442249.03,-3908440.5,1,442391.44,-3908300.5,1,442395.6,-3908296.2
12_4_ñ{ê¸_ãûïlã}çsìdìS,0,493248.1,-3923292.5,1,493324.72,-3923372.0
12_4_ìSìπê¸_î†ç™ìoéRìSìπ,0,445796.5,-3895800.2,1,445870.1,-3895781.8,1,445901.1,-3895774.5,1,445947.84,-3895774.2,1,445974.38,-3895781.2,1,445997.1,-3895792.0,1,446018.56,-3895805.2,1,446040.6,-3895825.5,1,446059.5,-3895853.8,1,446076.53,-3895884.2,1,446096.7,-3895922.0,1,446124.2,-3895973.0,1,446147.0,-3896013.5,1,446169.1,-3896055.0,1,446217.94,-3896147.0,1,446349.5,-3896402.8,1,446424.03,-3896532.8,1,446443.6,-3896563.2,1,446465.94,-3896614.2,1,446500.75,-3896704.5,1,446531.16,-3896751.8,1,446598.5,-3896863.5,1,446651.6,-3896963.8
12_4_è¨ìcå¥ê¸_è¨ìcã}ìdìS,0,444499.22,-3906034.8,1,444511.62,-3906087.5,1,444530.84,-3906154.2,1,444546.75,-3906198.5,1,444559.72,-3906224.0,1,444572.53,-3906249.0,1,444594.16,-3906278.8,1,444601.38,-3906288.8,1,444630.94,-3906319.2,1,444649.94,-3906336.0,1,444707.3,-3906386.5,1,444793.4,-3906462.5,1,444812.6,-3906479.5,1,444895.56,-3906551.0,1,444933.22,-3906586.0,1,444988.56,-3906634.8
11_2_ìÏïêê¸_ìåì˙ñ{ó∑ãqìSìπ,0,489943.5,-3933423.8,1,489949.94,-3933420.8,1,490010.7,-3933391.0,1,490060.6,-3933362.0,1,490098.06,-3933336.5,1,490115.0,-3933324.8,1,490158.16,-3933294.2,1,490239.28,-3933238.0,1,490324.38,-3933178.0,1,490455.03,-3933092.0,1,490512.34,-3933055.2,1,490593.53,-3933002.2,1,490803.03,-3932863.5,1,490947.1,-3932767.0
12_4_è¨ìcå¥ê¸_è¨ìcã}ìdìS,0,463985.06,-3914843.5,1,463894.2,-3914755.5
12_4_ëäñÕå¥ê¸_ãûâ§ìdìS,0,475736.0,-3937032.5,1,475540.16,-3937052.0
12_4_ñ{ê¸_ëäñÕìSìπ,0,488696.28,-3919422.8,1,488778.72,-3919526.2,1,488854.78,-3919623.8,1,488957.3,-3919764.2,1,488982.4,-3919797.8,1,489036.38,-3919868.2,1,489063.72,-3919905.2,1,489100.5,-3919933.0
12_4_ìcâÄìsésê¸_ìåãûã}çsìdìS,0,483527.72,-3932411.2,1,483571.3,-3932418.2,1,483598.12,-3932422.8,1,483622.25,-3932426.5,1,483765.06,-3932431.8,1,483773.47,-3932432.2,1,483818.5,-3932433.5,1,483826.4,-3932434.0,1,483888.66,-3932435.0,1,484011.97,-3932440.0,1,484046.6,-3932441.5,1,484065.62,-3932442.2,1,484141.62,-3932446.0,1,484342.44,-3932452.2,1,484395.62,-3932454.8,1,484427.78,-3932456.2,1,484435.84,-3932456.5,1,484497.22,-3932464.2,1,484534.2,-3932473.2,1,484576.34,-3932492.2,1,484615.16,-3932512.5,1,484655.62,-3932540.2,1,484705.16,-3932583.5
12_4_è¨ìcå¥ê¸_è¨ìcã}ìdìS,0,480592.28,-3936530.2,1,480770.2,-3936506.8
13_4_ç|çıê¸_î†ç™ìoéRìSìπ,0,436775.53,-3896425.8,1,436710.47,-3896400.8
11_2_ç™ä›ê¸_ìåì˙ñ{ó∑ãqìSìπ,0,490371.66,-3917721.0,1,490315.0,-3917791.8,1,490278.66,-3917839.0,1,490249.12,-3917882.2,1,490189.97,-3917974.0,1,490163.78,-3918018.2,1,490147.94,-3918051.5,1,490137.72,-3918074.0,1,490126.22,-3918110.2,1,490118.0,-3918140.5,1,490106.53,-3918187.8,1,490092.62,-3918235.2,1,490083.03,-3918262.2,1,490073.53,-3918289.5,1,490064.66,-3918309.0,1,490049.88,-3918332.8
12_4_ìåâ°ê¸_ìåãûã}çsìdìS,0,489698.9,-3922619.5,1,489702.28,-3922631.0,1,489705.66,-3922646.8,1,489709.03,-3922664.0,1,489713.12,-3922675.5,1,489718.6,-3922687.0,1,489730.12,-3922705.2
11_2_â°ê{âÍê¸_ìåì˙ñ{ó∑ãqìSìπ,0,492575.6,-3897015.8,1,492803.22,-3896928.5
12_4_ñ{ê¸_ëäñÕìSìπ,0,478242.56,-3920324.8,1,478427.9,-3920237.8
12_4_è¨ìcå¥ê¸_è¨ìcã}ìdìS,0,446628.75,-3898709.0,1,446653.53,-3898454.2,1,446659.9,-3898381.8,1,446662.8,-3898352.0,1,446692.53,-3898009.8,1,446704.22,-3897890.5,1,446705.78,-3897862.8,1,446716.97,-3897785.8,1,446723.56,-3897735.0,1,446730.56,-3897699.8,1,446734.88,-3897678.2,1,446808.47,-3897430.5,1,446818.44,-3897396.2,1,446823.2,-3897366.0,1,446836.06,-3897315.0,1,446841.16,-3897280.8,1,446837.22,-3897246.5,1,446829.75,-3897228.2,1,446825.3,-3897217.8,1,446817.6,-3897205.8,1,446812.38,-3897197.8,1,446790.78,-3897176.8,1,446768.78,-3897150.8,1,446747.6,-3897121.2
12_4_è¨ìcå¥ê¸_è¨ìcã}ìdìS,0,469766.78,-3923731.2,1,469735.25,-3923690.0,1,469730.88,-3923684.2,1,469726.5,-3923677.5,1,469715.75,-3923661.2,1,469712.47,-3923656.0,1,469676.72,-3923603.5,1,469656.6,-3923573.0,1,469567.1,-3923444.2,1,469541.28,-3923406.8,1,469528.78,-3923388.5,1,469481.5,-3923319.2,1,469413.5,-3923222.5,1,469354.25,-3923136.8,1,469333.38,-3923105.5,1,469322.4,-3923089.2,1,469290.4,-3923041.5,1,469262.34,-3923001.0,1,469233.53,-3922957.5,1,469176.53,-3922871.5,1,469124.28,-3922790.2,1,469082.88,-3922721.5,1,469068.8,-3922696.0,1,469059.47,-3922668.8,1,469045.25,-3922627.2,1,469038.9,-3922602.0,1,469035.97,-3922586.2,1,469028.56,-3922543.8,1,469024.56,-3922520.2,1,469020.78,-3922477.8,1,469019.38,-3922464.8,1,469018.34,-3922455.5,1,469017.66,-3922437.8,1,469017.25,-3922395.2,1,469016.28,-3922298.5,1,469016.8,-3922197.2,1,469017.03,-3922121.8,1,469017.03,-3922103.2,1,469017.1,-3922087.8,1,469019.62,-3921959.8,1,469021.97,-3921849.8
11_2_ìÏïêê¸_ìåì˙ñ{ó∑ãqìSìπ,0,494801.38,-3927307.5,1,494854.06,-3927174.2
12_4_è¨ìcå¥ê¸_è¨ìcã}ìdìS,0,463985.06,-3914843.5,1,464032.8,-3914888.5,1,464057.62,-3914912.0,1,464069.75,-3914923.5,1,464149.75,-3914999.2,1,464197.94,-3915037.0,1,464234.47,-3915071.8,1,464253.53,-3915090.2,1,464273.94,-3915109.8,1,464340.28,-3915173.5,1,464348.66,-3915181.2,1,464426.84,-3915252.8,1,464463.22,-3915288.8,1,464492.75,-3915322.5,1,464506.53,-3915341.5,1,464519.8,-3915366.0,1,464566.47,-3915456.5,1,464592.8,-3915507.8,1,464603.6,-3915528.8,1,464610.0,-3915540.8,1,464650.16,-3915618.8,1,464735.12,-3915775.0,1,464736.94,-3915778.5,1,464765.97,-3915837.0,1,464830.2,-3915962.5,1,464851.6,-3916004.0,1,464870.53,-3916045.2,1,464879.03,-3916060.5,1,464886.62,-3916073.5,1,464904.62,-3916103.5,1,464929.0,-3916140.2,1,464967.75,-3916186.5,1,465078.84,-3916319.2,1,465129.5,-3916389.2,1,465181.4,-3916455.0,1,465217.88,-3916499.2,1,465227.2,-3916510.2,1,465249.16,-3916537.0,1,465298.16,-3916597.0,1,465311.0,-3916613.2,1,465334.53,-3916643.0,1,465366.56,-3916684.0,1,465379.6,-3916700.2,1,465399.47,-3916725.0,1,465514.12,-3916868.2,1,465587.56,-3916961.0,1,465606.97,-3916983.8,1,465638.44,-3917023.0,1,465640.25,-3917023.5,1,465652.2,-3917036.0,1,465702.4,-3917083.5,1,465709.7,-3917090.5
11_2_â°ê{âÍê¸_ìåì˙ñ{ó∑ãqìSìπ,0,485064.28,-3901423.0,1,485050.1,-3901422.2,1,485021.1,-3901424.0,1,484984.53,-3901427.5,1,484930.72,-3901438.2,1,484888.66,-3901449.5,1,484859.66,-3901457.8,1,484834.12,-3901468.8,1,484816.97,-3901477.2,1,484790.06,-3901490.5,1,484768.0,-3901505.0,1,484743.84,-3901520.8,1,484720.4,-3901539.2,1,484685.56,-3901572.5,1,484680.3,-3901577.8,1,484649.97,-3901605.5,1,484615.5,-3901640.5,1,484598.25,-3901659.0,1,484579.03,-3901689.2,1,484555.62,-3901728.8,1,484541.88,-3901754.8,1,484526.1,-3901786.8,1,484507.53,-3901828.5,1,484495.75,-3901859.2,1,484470.34,-3901941.5,1,484452.44,-3901996.8,1,484431.84,-3902061.5,1,484417.38,-3902108.0,1,484400.2,-3902158.5,1,484389.25,-3902192.8,1,484377.56,-3902223.0,1,484356.9,-3902267.5,1,484332.16,-3902306.0,1,484313.56,-3902330.2,1,484291.53,-3902352.2,1,484268.75,-3902375.8,1,484252.22,-3902389.0,1,484227.44,-3902408.5,1,484207.9,-3902426.2
12_3_3çÜê¸_â°ïlés,0,487722.4,-3922660.5,1,487800.66,-3922777.0
12_4_ç]Émìáê¸_è¨ìcã}ìdìS,0,472388.94,-3927305.5,1,472474.75,-3927411.5
12_4_è¨ìcå¥ê¸_è¨ìcã}ìdìS,0,445561.7,-3903086.0,1,445571.62,-3903016.5
11_2_ëäñÕê¸_ìåì˙ñ{ó∑ãqìSìπ,0,467209.06,-3913532.8,1,467179.4,-3913593.2
11_2_ìÏïêê¸_ìåì˙ñ{ó∑ãqìSìπ,0,489715.44,-3933543.2,1,489706.84,-3933547.8,1,489673.97,-3933565.5,1,489614.66,-3933597.5,1,489396.4,-3933717.5,1,489354.66,-3933740.5,1,489227.8,-3933813.5,1,489202.94,-3933832.0,1,489168.0,-3933859.8,1,489129.44,-3933895.8,1,489052.1,-3933969.5,1,489029.56,-3933990.5,1,488920.16,-3934091.8,1,488729.53,-3934271.5,1,488583.5,-3934412.5,1,488477.0,-3934510.8,1,488300.66,-3934675.8
11_2_ìÏïêê¸_ìåì˙ñ{ó∑ãqìSìπ,0,494854.06,-3927174.2,1,494858.78,-3927163.8,1,494883.94,-3927108.0,1,494898.34,-3927075.5,1,494917.62,-3927040.2
11_2_ìåäCìπê¸_ìåì˙ñ{ó∑ãqìSìπ,0,481360.2,-3914129.2,1,481383.3,-3914152.5,1,481432.16,-3914201.0,1,481504.2,-3914262.0,1,481543.5,-3914291.2,1,481701.97,-3914412.2,1,481743.06,-3914438.8,1,482020.25,-3914617.5,1,482388.7,-3914852.8,1,482585.94,-3914983.0,1,482700.8,-3915051.2,1,482796.9,-3915117.5,1,482808.8,-3915125.8,1,482866.2,-3915168.8,1,482909.2,-3915203.2,1,482963.4,-3915261.0,1,482997.97,-3915302.0,1,483029.47,-3915346.5,1,483069.53,-3915413.8,1,483089.5,-3915459.2,1,483111.5,-3915521.8,1,483193.22,-3915727.5,1,483233.8,-3915831.0,1,483250.7,-3915917.8,1,483252.97,-3915937.8,1,483254.0,-3915955.0,1,483254.6,-3915972.5,1,483255.12,-3916012.2,1,483255.34,-3916030.2,1,483256.4,-3916116.0,1,483256.34,-3916137.8,1,483256.28,-3916148.8,1,483257.4,-3916268.2,1,483273.6,-3916377.0,1,483304.0,-3916481.5,1,483344.84,-3916570.2,1,483376.88,-3916621.2,1,483487.53,-3916769.8,1,483521.4,-3916821.5,1,483550.16,-3916860.0,1,483655.6,-3917000.2,1,483710.0,-3917064.2,1,483731.1,-3917088.8,1,483759.8,-3917111.5,1,484073.12,-3917310.2,1,484384.84,-3917491.5,1,484436.72,-3917523.2,1,484858.28,-3917780.2,1,484954.47,-3917839.5,1,485055.12,-3917903.8,1,485125.9,-3917940.0,1,485221.97,-3917964.5,1,485320.88,-3917968.2
12_4_ñ{ê¸_ãûïlã}çsìdìS,0,493453.7,-3899393.5,1,493462.6,-3899389.8,1,493473.7,-3899383.8,1,493480.4,-3899380.5,1,493489.03,-3899375.8,1,493506.7,-3899365.2,1,493576.4,-3899321.0
12_4_ç]ÉmìáìdìSê¸_ç]ÉmìáìdìS,0,476761.22,-3905361.2,1,476748.34,-3905293.2
11_2_ìåäCìπê¸_ìåì˙ñ{ó∑ãqìSìπ,0,481360.2,-3914129.2,1,481412.94,-3914204.2,1,481478.06,-3914270.8,1,481528.47,-3914313.2,1,481569.03,-3914344.8,1,481621.47,-3914378.2,1,481698.56,-3914430.2,1,481872.38,-3914545.0,1,482009.38,-3914630.8,1,482182.72,-3914739.5,1,482332.53,-3914838.0,1,482411.72,-3914889.2,1,482557.25,-3914983.0,1,482687.22,-3915059.2,1,482758.38,-3915107.5,1,482794.38,-3915131.8,1,482893.4,-3915210.8,1,482952.44,-3915274.2,1,482999.78,-3915339.8,1,483037.8,-3915398.2,1,483076.8,-3915473.8,1,483107.38,-3915557.8,1,483169.38,-3915736.2,1,483204.25,-3915845.2,1,483212.66,-3915879.0,1,483222.06,-3915957.2
11_2_ìåäCìπê¸_ìåì˙ñ{ó∑ãqìSìπ,0,489280.0,-3920166.0,1,489301.53,-3920195.5,1,489340.34,-3920250.8,1,489446.4,-3920402.2,1,489503.9,-3920479.8,1,489605.25,-3920625.5,1,489693.6,-3920752.2,1,489756.47,-3920842.8,1,489825.16,-3920934.2,1,489889.75,-3921020.2,1,489939.2,-3921085.5,1,490042.12,-3921220.5,1,490139.16,-3921349.0,1,490293.88,-3921551.5,1,490420.5,-3921717.0,1,490429.3,-3921728.8,1,490444.84,-3921747.5,1,490517.16,-3921832.8,1,490547.38,-3921863.0,1,490619.66,-3921913.2,1,490655.06,-3921934.8,1,490705.7,-3921960.2,1,490744.25,-3921974.8,1,490837.72,-3922010.0,1,491017.97,-3922078.2,1,491093.38,-3922106.0,1,491116.7,-3922115.0,1,491183.56,-3922139.2,1,491253.25,-3922163.5,1,491281.03,-3922171.5,1,491368.12,-3922185.5,1,491441.3,-3922197.2,1,491530.3,-3922210.5,1,491548.75,-3922212.5,1,491598.72,-3922214.8,1,491633.9,-3922216.2,1,491647.44,-3922217.2,1,491686.1,-3922219.0,1,491721.8,-3922221.5,1,491757.28,-3922225.8,1,491830.16,-3922243.2,1,491883.6,-3922260.0,1,491918.62,-3922275.0,1,491974.97,-3922299.0,1,491983.97,-3922303.8
11_2_å‰ìaèÍê¸_ìåäCó∑ãqìSìπ,0,451924.84,-3899739.2,1,451942.7,-3899744.0
12_4_è¨ìcå¥ê¸_è¨ìcã}ìdìS,0,457297.72,-3909898.5,1,457240.6,-3909842.5
11_2_â°ê{âÍê¸_ìåì˙ñ{ó∑ãqìSìπ,0,487257.88,-3901590.2,1,487191.97,-3901597.8,1,487137.44,-3901605.5,1,487110.16,-3901608.8,1,487056.72,-3901614.8,1,486972.53,-3901625.0,1,486847.62,-3901642.0,1,486728.56,-3901654.8,1,486607.12,-3901671.8,1,486513.22,-3901681.8,1,486409.03,-3901689.5,1,486365.56,-3901687.0,1,486339.38,-3901684.5,1,486311.1,-3901678.8,1,486266.9,-3901669.8,1,486112.66,-3901636.8,1,486089.53,-3901632.5,1,485993.6,-3901612.8,1,485916.28,-3901595.8,1,485777.5,-3901563.8,1,485617.16,-3901528.0,1,485571.22,-3901517.8,1,485519.66,-3901506.2,1,485409.88,-3901483.0,1,485297.62,-3901455.8
12_4_ñ{ê¸_ãûïlã}çsìdìS,0,488154.0,-3912072.2,1,488201.44,-3912013.2,1,488217.84,-3911992.0,1,488241.94,-3911956.8,1,488265.97,-3911920.8,1,488289.34,-3911878.8,1,488305.1,-3911843.0,1,488321.03,-3911809.0,1,488340.22,-3911748.5,1,488363.44,-3911664.8,1,488385.34,-3911548.0,1,488403.12,-3911452.8,1,488423.0,-3911379.0,1,488440.1,-3911319.5,1,488471.88,-3911241.0,1,488516.44,-3911137.0,1,488526.75,-3911113.0,1,488561.53,-3911031.8
12_3_1çÜê¸_â°ïlés,0,488070.62,-3916073.5,1,488065.16,-3916069.0,1,487998.94,-3916015.0,1,487921.7,-3915955.2,1,487842.28,-3915899.0,1,487761.78,-3915841.5,1,487715.44,-3915809.8,1,487680.0,-3915786.0,1,487593.5,-3915724.2,1,487553.7,-3915692.2,1,487520.97,-3915658.8,1,487475.7,-3915605.2,1,487460.5,-3915579.2,1,487437.62,-3915531.2,1,487422.5,-3915491.2,1,487400.84,-3915442.8,1,487373.88,-3915378.5
12_3_3çÜê¸_â°ïlés,0,488473.84,-3921221.5,1,488354.2,-3921220.0,1,488241.78,-3921220.0,1,488135.1,-3921219.5,1,488069.7,-3921218.0,1,487966.2,-3921218.5,1,487860.5,-3921217.5,1,487811.5,-3921217.5,1,487726.5,-3921218.5
11_2_ëäñÕê¸_ìåì˙ñ{ó∑ãqìSìπ,0,467152.2,-3910820.5,1,467145.8,-3910892.5
11_2_ìåäCìπê¸_ìåì˙ñ{ó∑ãqìSìπ,0,445057.62,-3890966.5,1,445050.62,-3890953.8,1,445015.0,-3890888.8,1,444953.1,-3890783.5,1,444895.34,-3890673.2,1,444884.8,-3890650.5,1,444867.62,-3890606.2,1,444861.4,-3890588.2,1,444857.97,-3890576.2,1,444855.72,-3890566.0,1,444853.62,-3890552.2,1,444852.6,-3890534.0,1,444855.7,-3890487.5,1,444869.47,-3890434.0,1,444897.7,-3890341.8,1,444903.9,-3890320.2,1,444923.7,-3890187.8,1,444924.94,-3890167.5,1,444922.94,-3890139.0,1,444921.53,-3890119.8,1,444918.06,-3890071.5,1,444916.22,-3889991.5,1,444910.1,-3889883.8,1,444909.03,-3889860.2,1,444908.3,-3889745.0,1,444900.97,-3889585.0,1,444895.3,-3889475.8,1,444888.38,-3889370.2,1,444885.9,-3889326.5,1,444879.75,-3889284.8,1,444874.62,-3889266.2,1,444867.28,-3889242.2,1,444862.4,-3889232.5,1,444859.53,-3889226.8,1,444798.56,-3889099.5,1,444727.44,-3888944.2,1,444713.47,-3888911.0,1,444691.75,-3888861.0,1,444650.1,-3888764.2,1,444631.78,-3888718.8,1,444620.5,-3888688.8,1,444609.53,-3888654.0,1,444604.44,-3888636.2,1,444595.8,-3888595.5,1,444588.75,-3888546.0,1,444583.62,-3888481.5,1,444580.6,-3888434.8,1,444580.34,-3888420.5,1,444581.8,-3888394.8,1,444582.56,-3888382.8,1,444587.5,-3888343.8,1,444595.72,-3888287.8,1,444604.97,-3888247.2,1,444624.9,-3888189.8,1,444660.25,-3888102.5,1,444701.1,-3888020.8,1,444761.88,-3887922.2,1,444834.9,-3887804.2,1,444885.22,-3887720.8,1,444930.72,-3887640.2,1,444943.4,-3887617.5,1,444949.28,-3887606.5,1,444958.62,-3887588.8,1,444991.0,-3887518.5,1,444996.56,-3887503.2,1,445002.78,-3887479.8,1,445007.2,-3887469.5,1,445018.22,-3887444.2,1,445025.4,-3887427.0,1,445033.62,-3887400.5,1,445038.0,-3887384.2,1,445042.03,-3887362.5,1,445045.0,-3887341.2,1,445048.2,-3887307.0,1,445048.8,-3887294.0,1,445049.16,-3887275.0,1,445049.0,-3887247.0,1,445048.5,-3887227.8,1,445046.38,-3887192.2,1,445042.75,-3887165.2,1,445037.16,-3887126.8,1,445032.47,-3887103.2,1,445026.9,-3887076.5,1,445020.28,-3887050.5,1,445012.12,-3887025.2,1,445003.97,-3887001.8,1,444995.8,-3886979.8,1,444986.94,-3886959.0,1,444978.78,-3886935.8,1,444972.9,-3886912.2,1,444968.6,-3886889.0,1,444964.62,-3886869.8,1,444959.9,-3886840.5,1,444954.25,-3886793.0,1,444952.2,-3886770.0,1,444949.75,-3886744.2,1,444944.4,-3886689.8,1,444939.62,-3886651.5,1,444936.1,-3886627.0,1,444931.72,-3886610.0,1,444917.75,-3886571.8,1,444902.7,-3886539.5,1,444889.97,-3886514.2,1,444862.12,-3886471.5,1,444841.72,-3886441.8,1,444839.4,-3886438.5,1,444814.44,-3886406.2,1,444779.72,-3886360.0,1,444748.6,-3886317.8,1,444707.47,-3886264.0,1,444670.2,-3886214.8,1,444642.8,-3886177.0,1,444635.9,-3886168.2
12_4_ç]ÉmìáìdìSê¸_ç]ÉmìáìdìS,0,478079.0,-3902484.8,1,478008.56,-3902487.5,1,477929.9,-3902490.0,1,477902.38,-3902493.5,1,477876.12,-3902495.2,1,477858.22,-3902497.8,1,477807.84,-3902501.2,1,477788.5,-3902502.0,1,477767.5,-3902500.8,1,477742.47,-3902499.0,1,477687.47,-3902490.5,1,477658.2,-3902490.5,1,477641.9,-3902493.5,1,477628.22,-3902499.2,1,477616.97,-3902508.0,1,477611.97,-3902515.5,1,477582.84,-3902571.5,1,477569.16,-3902594.5,1,477561.0,-3902602.0,1,477549.22,-3902608.5,1,477475.75,-3902647.8
12_4_ëäñÕå¥ê¸_ãûâ§ìdìS,0,480942.97,-3938620.5,1,480959.03,-3938625.5,1,480988.94,-3938636.5,1,481005.7,-3938643.2,1,481020.28,-3938649.0,1,481032.78,-3938655.2,1,481050.2,-3938664.5,1,481078.12,-3938681.5,1,481096.78,-3938695.2,1,481125.28,-3938720.8,1,481132.8,-3938727.5
12_3_3çÜê¸_â°ïlés,0,488639.7,-3921227.0,1,488473.84,-3921221.5
12_3_1çÜê¸_â°ïlés,0,489519.22,-3916964.2,1,489587.06,-3917000.2,1,489625.84,-3917020.8,1,489683.22,-3917053.5,1,489707.66,-3917067.5,1,489849.06,-3917142.5,1,489873.84,-3917155.5,1,489917.72,-3917178.8,1,489932.97,-3917186.8,1,489935.53,-3917188.0,1,489960.22,-3917200.2,1,490078.56,-3917261.5
12_4_ñ{ê¸_ãûïlã}çsìdìS,0,489122.16,-3906443.8,1,489090.2,-3906312.5,1,489046.5,-3906109.0,1,489042.84,-3906093.0,1,489031.78,-3906044.0,1,489026.6,-3906021.5,1,489011.3,-3905954.5,1,488996.44,-3905886.2,1,488986.84,-3905840.0,1,488984.7,-3905808.2,1,488984.75,-3905763.2,1,488983.97,-3905722.8,1,488982.94,-3905485.5,1,488981.94,-3905345.2,1,488981.1,-3905229.8
14_4_ç]ÇÃìáê¸_è√ìÏÉÇÉmÉåÅ[Éã,0,476969.75,-3903067.5,1,476934.22,-3903035.5
11_2_ëäñÕê¸_ìåì˙ñ{ó∑ãqìSìπ,0,467023.75,-3912233.2,1,467051.97,-3912320.2
12_4_Ç¢Ç∏Ç›ñÏê¸_ëäñÕìSìπ,0,476934.84,-3914541.2,1,476935.66,-3914547.2,1,476956.47,-3914725.0,1,476964.25,-3914788.5,1,476971.7,-3914853.2,1,476972.56,-3914881.0,1,476971.0,-3914912.0,1,476966.66,-3914952.0,1,476962.72,-3914970.2,1,476956.34,-3914995.5,1,476935.12,-3915072.8,1,476922.03,-3915133.5,1,476912.7,-3915177.5,1,476906.0,-3915221.0,1,476902.56,-3915262.2,1,476900.4,-3915310.8,1,476901.1,-3915358.2,1,476904.16,-3915390.2,1,476906.53,-3915426.2,1,476908.94,-3915487.8,1,476912.34,-3915541.2,1,476917.34,-3915605.5,1,476920.1,-3915655.8,1,476926.38,-3915697.2,1,476939.22,-3915753.2,1,476957.2,-3915813.8,1,476965.03,-3915834.8,1,476984.56,-3915874.5,1,477026.94,-3915937.5,1,477042.97,-3915957.0,1,477060.8,-3915978.5,1,477099.84,-3916013.8,1,477151.5,-3916046.5,1,477217.56,-3916075.2,1,477253.9,-3916087.8,1,477265.78,-3916089.5,1,477315.28,-3916096.0,1,477365.56,-3916095.2,1,477381.2,-3916095.0,1,477405.22,-3916093.2,1,477479.84,-3916087.8,1,477551.78,-3916074.5
12_4_ãvó¢ïlê¸_ãûïlã}çsìdìS,0,493087.8,-3890501.2,1,493096.2,-3890510.2,1,493142.4,-3890560.0,1,493226.47,-3890650.2,1,493285.7,-3890715.5,1,493303.38,-3890736.0,1,493376.72,-3890816.5,1,493431.2,-3890876.5,1,493482.38,-3890931.2,1,493497.7,-3890946.0,1,493558.44,-3891013.8,1,493592.62,-3891051.2,1,493611.1,-3891071.2,1,493653.1,-3891112.0,1,493693.62,-3891153.8,1,493701.47,-3891161.8,1,493770.78,-3891209.8,1,493825.6,-3891238.0
11_2_íÜâõê¸_ìåì˙ñ{ó∑ãqìSìπ,0,450206.8,-3936894.5,1,450213.62,-3936897.2
12_4_ìcâÄìsésê¸_ìåãûã}çsìdìS,0,486462.5,-3933505.0,1,486497.94,-3933526.2,1,486518.34,-3933538.5,1,486594.6,-3933581.0,1,486667.12,-3933616.2,1,486713.38,-3933635.5,1,486759.22,-3933653.8,1,486810.34,-3933671.5,1,486837.8,-3933680.0,1,486902.8,-3933700.0,1,487053.53,-3933762.0,1,487149.1,-3933801.2,1,487205.3,-3933836.5,1,487342.5,-3933918.5,1,487442.4,-3933979.8,1,487483.12,-3934004.8,1,487553.94,-3934046.8,1,487604.6,-3934080.0,1,487643.06,-3934112.5,1,487659.66,-3934128.0
12_4_ìSìπê¸_î†ç™ìoéRìSìπ,0,442031.62,-3894571.5,1,441969.0,-3894528.0
12_4_ñ{ê¸_ëäñÕìSìπ,0,488696.28,-3919422.8,1,488778.72,-3919526.2,1,488854.78,-3919623.8,1,488957.3,-3919764.2,1,488982.4,-3919797.8,1,489036.38,-3919868.2,1,489063.72,-3919905.2,1,489100.5,-3919933.0
11_2_â°ê{âÍê¸_ìåì˙ñ{ó∑ãqìSìπ,0,485297.62,-3901455.8,1,485283.72,-3901452.0,1,485233.3,-3901442.0,1,485180.12,-3901432.8,1,485159.47,-3901428.8,1,485120.8,-3901424.5,1,485099.47,-3901423.0,1,485064.28,-3901423.0
12_3_3çÜê¸_â°ïlés,0,488969.6,-3920083.2,1,488933.16,-3920180.5,1,488895.72,-3920286.2,1,488885.6,-3920318.5,1,488884.88,-3920331.5,1,488884.2,-3920344.2,1,488881.25,-3920396.5,1,488876.28,-3920559.2,1,488875.34,-3920673.2,1,488873.78,-3920730.0,1,488871.94,-3920781.2,1,488869.2,-3920847.5,1,488865.47,-3920910.0,1,488856.53,-3921018.2,1,488842.8,-3921074.2,1,488816.38,-3921117.8,1,488771.44,-3921163.8,1,488732.56,-3921192.0,1,488696.56,-3921215.8,1,488671.1,-3921227.0,1,488639.7,-3921227.0
11_2_â°ïlê¸_ìåì˙ñ{ó∑ãqìSìπ,0,487222.88,-3924735.8,1,487071.0,-3924822.5
11_2_â°ê{âÍê¸_ìåì˙ñ{ó∑ãqìSìπ,0,487257.88,-3901590.2,1,487191.97,-3901597.8,1,487137.44,-3901605.5,1,487110.16,-3901608.8,1,487056.72,-3901614.8,1,486972.53,-3901625.0,1,486847.62,-3901642.0,1,486728.56,-3901654.8,1,486607.12,-3901671.8,1,486513.22,-3901681.8,1,486409.03,-3901689.5,1,486365.56,-3901687.0,1,486339.38,-3901684.5,1,486311.1,-3901678.8,1,486266.9,-3901669.8,1,486112.66,-3901636.8,1,486089.53,-3901632.5,1,485993.6,-3901612.8,1,485916.28,-3901595.8,1,485777.5,-3901563.8,1,485617.16,-3901528.0,1,485571.22,-3901517.8,1,485519.66,-3901506.2,1,485409.88,-3901483.0,1,485297.62,-3901455.8
12_4_ç]ÉmìáìdìSê¸_ç]ÉmìáìdìS,0,477433.1,-3902671.8,1,477402.94,-3902687.8,1,477382.06,-3902701.2,1,477348.6,-3902727.5,1,477269.22,-3902793.5,1,477177.6,-3902870.2,1,477148.2,-3902894.5,1,477130.88,-3902909.0,1,477102.1,-3902927.2,1,477092.47,-3902929.8,1,477082.56,-3902928.0,1,477069.38,-3902925.0,1,477047.8,-3902923.2,1,477025.38,-3902925.2,1,476996.94,-3902929.5,1,476978.12,-3902935.2,1,476956.78,-3902945.8
12_5_Ç›Ç»Ç∆Ç›ÇÁÇ¢ê¸_â°ïlçÇë¨ìSìπ,0,489503.38,-3919617.0,1,489651.44,-3919616.0
12_4_ñ{ê¸_ãûïlã}çsìdìS,0,492891.4,-3899539.5,1,492909.16,-3899540.5,1,492916.34,-3899540.8,1,493014.72,-3899527.2,1,493113.56,-3899517.2,1,493212.4,-3899495.2,1,493311.75,-3899456.5,1,493399.94,-3899415.8,1,493429.4,-3899403.2,1,493453.7,-3899393.5
12_4_Ç¢Ç∏Ç›ñÏê¸_ëäñÕìSìπ,0,476523.84,-3913470.8,1,476527.94,-3913476.0,1,476533.22,-3913483.2,1,476709.47,-3913726.8,1,476759.12,-3913795.8,1,476803.97,-3913861.0,1,476830.22,-3913901.8,1,476843.53,-3913925.0,1,476850.84,-3913942.2,1,476870.72,-3914001.8,1,476885.72,-3914051.8,1,476892.25,-3914080.0,1,476896.4,-3914105.0,1,476900.16,-3914158.8,1,476905.16,-3914233.5,1,476912.62,-3914375.0,1,476913.28,-3914381.5
12_4_ç]Émìáê¸_è¨ìcã}ìdìS,0,473042.28,-3924810.8,1,473036.25,-3924940.5,1,473030.03,-3925016.8,1,473025.16,-3925054.2,1,473018.72,-3925086.8,1,473008.12,-3925122.2,1,472994.66,-3925164.2,1,472957.9,-3925248.5,1,472916.3,-3925343.8,1,472815.2,-3925572.2,1,472731.34,-3925759.8,1,472628.06,-3925999.5
12_4_è¨ìcå¥ê¸_è¨ìcã}ìdìS,0,457905.4,-3910760.0,1,457962.75,-3910788.2,1,457985.88,-3910800.0,1,458012.84,-3910813.5,1,458114.16,-3910863.5,1,458131.1,-3910870.5,1,458161.12,-3910885.8,1,458224.4,-3910916.5,1,458326.38,-3910967.8,1,458359.6,-3910984.5,1,458397.75,-3911002.2,1,458414.7,-3911011.2,1,458424.06,-3911016.0,1,458434.7,-3911019.8,1,458437.16,-3911021.5,1,458469.1,-3911035.0,1,458506.6,-3911051.8,1,458533.53,-3911062.8,1,458554.2,-3911072.0,1,458556.66,-3911074.0,1,458560.38,-3911074.5,1,458592.34,-3911088.0,1,458626.1,-3911103.5,1,458695.53,-3911133.8,1,458775.1,-3911167.5,1,458833.25,-3911193.0,1,458853.72,-3911202.0,1,459005.6,-3911268.0,1,459034.1,-3911278.8,1,459071.12,-3911295.2,1,459092.6,-3911304.8,1,459201.72,-3911351.0,1,459216.28,-3911358.2,1,459233.84,-3911365.0,1,459323.47,-3911403.8,1,459361.06,-3911420.5,1,459423.3,-3911445.5,1,459452.06,-3911458.5,1,459502.75,-3911478.8,1,459538.22,-3911494.2,1,459547.78,-3911498.5,1,459565.44,-3911505.8,1,459605.94,-3911522.5,1,459640.97,-3911538.0,1,459691.66,-3911561.2,1,459739.28,-3911584.8,1,459749.28,-3911589.8,1,459784.34,-3911607.5,1,459813.84,-3911623.8,1,459861.25,-3911648.5,1,459896.97,-3911669.5,1,459937.66,-3911693.0,1,459957.7,-3911705.8,1,460007.12,-3911733.0,1,460026.53,-3911745.5,1,460086.0,-3911780.0,1,460180.5,-3911835.0,1,460214.38,-3911854.2,1,460233.12,-3911865.2,1,460300.16,-3911904.8,1,460335.66,-3911925.5,1,460412.7,-3911970.5,1,460444.56,-3911989.0,1,460555.56,-3912053.8,1,460641.44,-3912105.8,1,460683.12,-3912128.5,1,460748.78,-3912166.5,1,460778.66,-3912185.2,1,460817.88,-3912208.0,1,460843.28,-3912222.2,1,460884.16,-3912245.5,1,460936.16,-3912276.2,1,461021.9,-3912325.2,1,461055.06,-3912345.8,1,461119.25,-3912382.0
12_3_3çÜê¸_â°ïlés,0,490376.0,-3917871.5,1,490328.84,-3917903.8,1,490294.56,-3917927.8,1,490280.97,-3917939.5,1,490246.16,-3917990.5,1,490187.2,-3918075.5,1,490154.1,-3918121.2,1,490138.97,-3918139.2,1,490127.34,-3918143.2,1,490091.53,-3918157.0,1,490045.1,-3918173.5,1,490018.3,-3918182.8,1,490007.72,-3918187.2,1,490001.72,-3918193.2
11_2_ìÏïêê¸_ìåì˙ñ{ó∑ãqìSìπ,0,493303.6,-3931736.5,1,493314.34,-3931694.5,1,493341.56,-3931585.2,1,493356.0,-3931518.8,1,493374.4,-3931433.5,1,493439.56,-3931159.5,1,493493.6,-3930947.0,1,493514.38,-3930871.0,1,493529.12,-3930824.5,1,493560.22,-3930724.8,1,493618.38,-3930557.8
11_2_â°ê{âÍê¸_ìåì˙ñ{ó∑ãqìSìπ,0,496279.25,-3894438.5,1,496240.62,-3894513.8,1,496225.44,-3894542.8,1,496205.53,-3894571.2,1,496151.03,-3894633.0,1,496105.03,-3894685.2,1,496016.53,-3894784.2,1,495967.78,-3894840.2,1,495928.12,-3894883.2,1,495889.84,-3894925.0,1,495863.38,-3894953.2,1,495834.75,-3894980.2,1,495807.62,-3895004.0,1,495743.34,-3895053.2,1,495721.88,-3895069.5,1,495656.94,-3895115.0,1,495563.16,-3895177.8,1,495523.4,-3895204.2,1,495448.1,-3895257.2,1,495421.1,-3895276.2,1,495363.16,-3895315.5,1,495277.47,-3895374.5,1,495239.8,-3895399.8,1,495174.72,-3895446.2,1,495124.06,-3895483.2,1,495025.28,-3895570.8,1,494980.84,-3895611.0,1,494939.72,-3895652.0,1,494898.62,-3895693.2,1,494867.0,-3895724.8,1,494823.88,-3895768.0,1,494728.3,-3895859.2,1,494644.12,-3895943.2,1,494588.22,-3895998.5,1,494502.66,-3896083.8,1,494443.66,-3896141.5,1,494355.8,-3896227.2,1,494316.38,-3896266.2,1,494272.28,-3896310.5,1,494250.28,-3896332.8,1,494224.0,-3896353.8,1,494195.53,-3896376.0,1,494123.62,-3896429.8,1,494087.7,-3896453.2,1,494035.7,-3896478.2,1,493938.44,-3896514.0,1,493890.25,-3896533.2,1,493844.97,-3896548.8,1,493811.6,-3896564.2,1,493738.0,-3896591.8,1,493628.97,-3896630.0,1,493494.38,-3896675.2,1,493395.6,-3896711.0,1,493371.7,-3896719.2,1,493334.47,-3896733.0,1,493100.75,-3896816.0,1,493059.38,-3896829.5,1,492919.06,-3896882.5,1,492803.22,-3896928.5
12_4_ñ{ê¸_ãûïlã}çsìdìS,0,489405.28,-3901877.8,1,489443.75,-3901820.2,1,489473.53,-3901780.5
11_2_ìÏïêê¸_ìåì˙ñ{ó∑ãqìSìπ,0,492631.16,-3932281.0,1,492641.4,-3932280.2
11_2_ëäñÕê¸_ìåì˙ñ{ó∑ãqìSìπ,0,468016.5,-3918791.5,1,467952.75,-3918756.0,1,467842.16,-3918690.2,1,467733.12,-3918626.2,1,467662.72,-3918584.5,1,467587.16,-3918540.0,1,467523.4,-3918504.0,1,467516.12,-3918500.0,1,467450.56,-3918460.5,1,467372.34,-3918413.5,1,467318.7,-3918382.5,1,467256.72,-3918341.5,1,467229.34,-3918318.0,1,467210.47,-3918300.2,1,467183.5,-3918270.2,1,467171.66,-3918254.5,1,467157.12,-3918229.5,1,467148.9,-3918211.0,1,467142.38,-3918193.2,1,467130.2,-3918155.5,1,467124.12,-3918137.2,1,467120.9,-3918125.5,1,467119.7,-3918117.5,1,467116.22,-3918082.5,1,467107.0,-3917996.0,1,467098.25,-3917914.0,1,467094.0,-3917869.8,1,467089.7,-3917807.2,1,467080.94,-3917701.5
11_2_ëäñÕê¸_ìåì˙ñ{ó∑ãqìSìπ,0,466843.34,-3927054.2,1,466863.8,-3927022.8,1,466884.28,-3926987.8,1,466895.25,-3926962.5,1,466901.78,-3926943.8,1,466907.56,-3926915.8,1,466935.8,-3926759.5,1,466940.34,-3926731.5,1,466947.16,-3926706.8,1,466956.22,-3926683.2,1,467003.6,-3926572.8,1,467045.03,-3926478.8,1,467078.3,-3926404.5,1,467110.6,-3926335.0,1,467147.03,-3926255.2,1,467179.84,-3926174.8,1,467194.56,-3926136.2,1,467201.56,-3926118.0,1,467220.78,-3926067.8,1,467232.28,-3926035.8,1,467239.47,-3926015.8,1,467263.5,-3925949.0
12_4_ñ{ê¸_ëäñÕìSìπ,0,486689.75,-3919273.2,1,486784.75,-3919145.5
12_3_1çÜê¸_â°ïlés,0,483504.3,-3913066.2,1,483386.97,-3913099.2
12_4_ñ{ê¸_ãûïlã}çsìdìS,0,496301.38,-3927424.8,1,496266.9,-3927380.0,1,496199.03,-3927292.0,1,496008.0,-3927046.2,1,495839.56,-3926829.0,1,495654.4,-3926590.0,1,495615.75,-3926541.5,1,495499.34,-3926393.2
12_4_ñ{ê¸_ëäñÕìSìπ,0,474676.97,-3920523.2,1,474451.44,-3920533.5
11_2_ç™ä›ê¸_ìåì˙ñ{ó∑ãqìSìπ,0,486931.47,-3910448.0,1,486900.75,-3910436.2,1,486815.97,-3910405.8
12_4_ñ{ê¸_ãûïlã}çsìdìS,0,489607.8,-3917766.5,1,489611.72,-3917755.2,1,489614.7,-3917741.8,1,489617.22,-3917722.2,1,489617.47,-3917705.5,1,489618.62,-3917684.5,1,489618.6,-3917673.0,1,489617.7,-3917659.8,1,489615.6,-3917646.0,1,489613.03,-3917633.2,1,489609.47,-3917620.0,1,489605.1,-3917607.0,1,489530.4,-3917457.5,1,489508.66,-3917415.0,1,489492.84,-3917382.8,1,489477.38,-3917353.8,1,489463.0,-3917332.5,1,489435.56,-3917300.2,1,489423.28,-3917287.5,1,489408.75,-3917272.8,1,489382.88,-3917251.2,1,489348.62,-3917225.5,1,489327.2,-3917211.0,1,489310.75,-3917200.8,1,489302.84,-3917195.8,1,489271.22,-3917179.0
11_2_â°ïlê¸_ìåì˙ñ{ó∑ãqìSìπ,0,462899.22,-3935647.5,1,462907.44,-3935532.5,1,462915.56,-3935417.8,1,462919.9,-3935376.8,1,462921.4,-3935363.2,1,462923.6,-3935343.2,1,462931.72,-3935299.2,1,462941.25,-3935254.2,1,462950.8,-3935223.0,1,462963.2,-3935194.2,1,462975.56,-3935168.0,1,462992.75,-3935139.0,1,463014.2,-3935110.2,1,463049.38,-3935075.2,1,463107.5,-3935024.2,1,463183.75,-3934973.5,1,463208.5,-3934957.0,1,463312.28,-3934890.2,1,463550.34,-3934731.8,1,463835.28,-3934545.5,1,464021.3,-3934424.0
12_4_ìcâÄìsésê¸_ìåãûã}çsìdìS,0,486281.7,-3933407.0,1,486350.7,-3933444.5,1,486462.5,-3933505.0
11_2_íÜâõê¸_ìåì˙ñ{ó∑ãqìSìπ,0,443806.22,-3937276.5,1,443841.84,-3937279.8,1,443895.66,-3937283.5,1,443917.1,-3937279.8,1,443961.56,-3937279.5,1,444007.7,-3937283.2,1,444220.62,-3937328.8,1,444243.4,-3937336.0,1,444283.2,-3937353.8,1,444304.56,-3937355.5,1,444311.44,-3937355.8,1,444336.53,-3937357.2,1,444453.25,-3937352.0,1,444512.47,-3937348.5,1,444534.38,-3937347.2,1,444624.25,-3937341.5,1,444805.16,-3937332.0,1,444835.84,-3937330.5,1,444874.7,-3937328.8,1,444935.1,-3937329.0,1,445116.62,-3937318.2,1,445168.38,-3937309.5,1,445206.28,-3937301.8,1,445219.03,-3937299.0,1,445301.5,-3937265.2,1,445386.53,-3937222.0,1,445431.34,-3937188.8,1,445489.16,-3937149.5,1,445540.88,-3937103.2,1,445571.66,-3937071.5,1,445614.97,-3937030.8,1,445640.9,-3937006.8
11_2_ìÏïêê¸_ìåì˙ñ{ó∑ãqìSìπ,0,481326.5,-3938602.0,1,481301.6,-3938608.0,1,481225.25,-3938637.5,1,481166.2,-3938672.0,1,481122.8,-3938703.5,1,481096.3,-3938722.8,1,480985.2,-3938800.5,1,480865.78,-3938887.0,1,480731.53,-3938983.5,1,480640.6,-3939047.2,1,480518.8,-3939133.8,1,480410.8,-3939211.8,1,480308.66,-3939286.0,1,480307.84,-3939286.8,1,480248.1,-3939328.0,1,480143.34,-3939401.5,1,480053.03,-3939466.5
11_2_ìÏïêê¸_ìåì˙ñ{ó∑ãqìSìπ,0,488151.84,-3934815.5,1,488101.28,-3934865.0,1,488046.88,-3934903.5,1,488016.94,-3934917.2,1,487927.38,-3934939.5,1,487746.8,-3934989.5,1,487685.25,-3935005.0,1,487641.7,-3935017.0,1,487611.28,-3935034.8,1,487523.7,-3935096.0,1,487444.88,-3935150.5,1,487413.03,-3935172.8,1,487320.1,-3935240.8
11_2_ç™ä›ê¸_ìåì˙ñ{ó∑ãqìSìπ,0,490548.72,-3914552.5,1,490339.03,-3914488.5
11_2_â°ê{âÍê¸_ìåì˙ñ{ó∑ãqìSìπ,0,490616.62,-3900914.0,1,490501.2,-3900932.0
12_4_Ç±Ç«Ç‡ÇÃçëê¸_ìåãûã}çsìdìS,0,477470.25,-3927381.8,1,477445.3,-3927387.5,1,477412.44,-3927399.2,1,477392.97,-3927409.0,1,477378.84,-3927419.8,1,477364.75,-3927437.0,1,477338.03,-3927477.0,1,477325.84,-3927503.5,1,477321.2,-3927522.5,1,477319.25,-3927547.8,1,477322.03,-3927574.0,1,477328.8,-3927602.5,1,477339.62,-3927640.2,1,477379.03,-3927769.2,1,477425.75,-3927929.2,1,477432.7,-3927953.2,1,477463.8,-3928065.8,1,477466.72,-3928075.2,1,477477.44,-3928110.0,1,477501.97,-3928208.0,1,477546.22,-3928360.0,1,477553.0,-3928383.5,1,477565.88,-3928427.8,1,477578.06,-3928476.0,1,477579.5,-3928500.5,1,477577.56,-3928524.2,1,477538.2,-3928659.0,1,477519.5,-3928728.5,1,477515.53,-3928738.2,1,477499.3,-3928777.2,1,477488.06,-3928798.5,1,477475.22,-3928816.0,1,477448.38,-3928845.0
14_4_ç]ÇÃìáê¸_è√ìÏÉÇÉmÉåÅ[Éã,0,480134.34,-3905949.5,1,480128.66,-3905881.8
24_5_ã‡ëÚÉVÅ[ÉTÉCÉhÉâÉCÉì_â°ïlêVìsésåí ,0,490886.12,-3906201.8,1,490844.22,-3906266.8
11_2_ìÏïêê¸_ìåì˙ñ{ó∑ãqìSìπ,0,481474.06,-3938559.5,1,481326.5,-3938602.0
12_4_ëÂóYéRê¸_à…ì§î†ç™ìSìπ,0,446884.66,-3898471.8,1,446881.1,-3898497.2,1,446879.3,-3898518.8,1,446880.9,-3898608.5,1,446881.84,-3898641.5,1,446885.44,-3898667.0,1,446892.7,-3898692.8,1,446910.66,-3898733.2,1,446939.66,-3898792.0,1,446948.1,-3898815.5,1,446953.97,-3898841.0,1,446954.2,-3898876.8,1,446943.4,-3898914.2,1,446925.5,-3898950.5,1,446909.1,-3898975.0,1,446886.56,-3898993.0,1,446841.9,-3899027.5,1,446759.44,-3899094.0
11_2_ìÏïêê¸_ìåì˙ñ{ó∑ãqìSìπ,0,484577.78,-3937131.2,1,484491.4,-3937177.8,1,484434.84,-3937204.2
12_4_è¨ìcå¥ê¸_è¨ìcã}ìdìS,0,453262.38,-3909520.0,1,453122.53,-3909633.2
12_3_3çÜê¸_â°ïlés,0,488369.47,-3925569.2,1,488403.47,-3925409.5,1,488443.0,-3925268.5,1,488480.22,-3925169.2,1,488501.62,-3925105.8,1,488517.38,-3925070.2
12_4_ãvó¢ïlê¸_ãûïlã}çsìdìS,0,494858.84,-3891979.2,1,494928.9,-3892115.8
12_3_1çÜê¸_â°ïlés,0,488776.47,-3916655.8,1,488703.0,-3916629.5,1,488635.9,-3916608.0,1,488600.66,-3916592.8,1,488573.94,-3916560.2,1,488504.84,-3916470.8,1,488483.4,-3916449.2,1,488449.4,-3916413.0,1,488377.25,-3916345.8,1,488300.44,-3916275.5,1,488227.12,-3916209.8,1,488179.7,-3916168.5
12_4_ìåâ°ê¸_ìåãûã}çsìdìS,0,490009.06,-3925067.2,1,490019.03,-3924987.5,1,490034.0,-3924895.8
12_3_3çÜê¸_â°ïlés,0,489922.38,-3918315.5,1,489779.78,-3918543.8,1,489640.84,-3918766.8,1,489595.47,-3918836.0,1,489503.7,-3918975.0,1,489363.84,-3919191.0
11_2_ìåäCìπê¸_ìåì˙ñ{ó∑ãqìSìπ,0,493729.9,-3929383.2,1,493753.97,-3929313.8,1,493769.62,-3929269.2,1,493787.44,-3929218.2,1,493861.3,-3928979.0,1,493911.16,-3928805.5,1,493928.7,-3928747.5,1,493945.06,-3928671.8,1,493963.28,-3928547.5,1,493976.1,-3928479.0,1,493984.3,-3928436.0,1,493997.8,-3928393.2,1,494026.56,-3928307.8,1,494034.06,-3928283.0,1,494042.5,-3928255.2,1,494082.28,-3928136.8,1,494106.34,-3928064.2,1,494115.22,-3928033.5,1,494124.53,-3927997.0,1,494132.12,-3927951.2,1,494137.44,-3927882.8,1,494143.16,-3927801.2,1,494148.5,-3927761.2,1,494154.9,-3927733.2,1,494163.12,-3927696.8,1,494179.5,-3927639.0,1,494218.22,-3927496.2,1,494257.47,-3927352.8,1,494273.38,-3927296.5,1,494321.3,-3927128.2,1,494358.88,-3926986.8,1,494389.88,-3926862.0,1,494408.6,-3926776.8,1,494423.22,-3926701.2,1,494437.3,-3926604.0,1,494447.78,-3926532.8,1,494472.47,-3926438.0,1,494501.16,-3926327.0,1,494504.7,-3926311.8,1,494538.16,-3926195.5,1,494551.62,-3926139.0,1,494558.03,-3926101.2,1,494560.38,-3926072.5,1,494560.9,-3926056.0,1,494560.9,-3926031.0,1,494556.16,-3925982.5,1,494547.88,-3925945.5,1,494536.06,-3925907.0,1,494516.75,-3925863.5,1,494499.12,-3925830.5,1,494475.62,-3925789.8,1,494458.47,-3925763.0,1,494432.06,-3925727.2,1,494399.75,-3925686.5,1,494348.56,-3925625.0,1,494331.6,-3925598.5,1,494302.1,-3925548.2,1,494289.75,-3925525.5,1,494276.22,-3925495.5,1,494263.3,-3925465.2,1,494254.4,-3925436.8,1,494206.78,-3925265.0,1,494173.16,-3925140.0
11_2_ëäñÕê¸_ìåì˙ñ{ó∑ãqìSìπ,0,468089.16,-3918836.0,1,468016.5,-3918791.5
12_4_ç]ÉmìáìdìSê¸_ç]ÉmìáìdìS,0,476721.28,-3904782.0,1,476720.7,-3904730.2
11_2_ëäñÕê¸_ìåì˙ñ{ó∑ãqìSìπ,0,467875.88,-3909216.2,1,467800.34,-3909284.0
11_2_ìåäCìπê¸_ìåì˙ñ{ó∑ãqìSìπ,0,464499.94,-3904847.0,1,464469.56,-3904840.5,1,464179.56,-3904779.0
11_2_ìåäCìπê¸_ìåì˙ñ{ó∑ãqìSìπ,0,483219.38,-3916222.0,1,483221.72,-3916345.5,1,483215.97,-3916480.2,1,483213.75,-3916558.0,1,483214.84,-3916654.8,1,483235.38,-3916755.0,1,483272.62,-3916835.8,1,483314.97,-3916905.0,1,483392.72,-3916982.5,1,483400.25,-3916988.5,1,483500.25,-3917066.8,1,483606.56,-3917125.0,1,483754.06,-3917195.5,1,483882.53,-3917258.0,1,484071.47,-3917347.0,1,484163.94,-3917394.5,1,484377.62,-3917520.8,1,484470.12,-3917575.5,1,484709.78,-3917721.0,1,484893.2,-3917822.2,1,485056.0,-3917928.8,1,485111.7,-3917955.2,1,485158.8,-3917970.5,1,485207.8,-3917979.2,1,485258.72,-3917978.5,1,485320.88,-3917968.2
11_2_ìåäCìπê¸_ìåì˙ñ{ó∑ãqìSìπ,0,487087.22,-3917853.8,1,487323.12,-3918128.2
12_4_ñ{ê¸_ãûïlã}çsìdìS,0,494190.34,-3898337.2,1,494224.62,-3898313.5,1,494246.88,-3898297.8,1,494269.16,-3898283.8,1,494315.8,-3898251.2,1,494338.25,-3898235.2,1,494343.8,-3898231.8,1,494424.25,-3898177.5,1,494503.44,-3898125.2,1,494588.1,-3898069.5,1,494616.28,-3898049.5,1,494640.0,-3898032.2,1,494646.2,-3898025.0,1,494660.2,-3898009.8,1,494708.72,-3897948.2,1,494756.9,-3897892.8,1,494799.72,-3897842.2,1,494841.62,-3897796.2,1,494850.06,-3897786.8,1,494861.88,-3897776.2,1,494872.44,-3897767.5,1,494876.7,-3897764.0,1,494881.34,-3897760.0,1,494912.34,-3897734.8,1,494996.72,-3897678.0
12_4_ñ{ê¸_ëäñÕìSìπ,0,479406.8,-3919452.2,1,479491.22,-3919426.0,1,479538.22,-3919417.8,1,479590.66,-3919417.0,1,479636.84,-3919419.0,1,479686.6,-3919427.8,1,479718.2,-3919433.5,1,479951.22,-3919490.2,1,480131.34,-3919535.2,1,480186.38,-3919546.5,1,480208.78,-3919547.2,1,480236.1,-3919544.8,1,480285.8,-3919538.2,1,480390.03,-3919523.2,1,480460.97,-3919513.8,1,480515.12,-3919506.5,1,480560.5,-3919507.0,1,480605.7,-3919513.8,1,480673.12,-3919528.2
12_4_ëΩñÄê¸_è¨ìcã}ìdìS,0,478398.72,-3934901.5,1,478407.44,-3934908.2,1,478426.84,-3934927.8,1,478441.38,-3934940.2,1,478526.66,-3935024.8,1,478632.88,-3935126.0,1,478656.75,-3935150.0,1,478742.72,-3935232.8
11_2_ìåäCìπê¸_ìåì˙ñ{ó∑ãqìSìπ,0,492941.44,-3923073.8,1,492951.25,-3923074.8,1,492961.78,-3923077.8,1,492977.2,-3923087.0
12_4_ìcâÄìsésê¸_ìåãûã}çsìdìS,0,482805.66,-3930341.0,1,482765.53,-3930263.2
11_2_ç™ä›ê¸_ìåì˙ñ{ó∑ãqìSìπ,0,484924.12,-3910008.8,1,484746.38,-3909959.2,1,484628.34,-3909932.5,1,484228.5,-3909836.8,1,484024.66,-3909775.8,1,483786.53,-3909704.2,1,483780.6,-3909699.2,1,483634.88,-3909576.2,1,483581.28,-3909537.2,1,483556.8,-3909521.8,1,483542.53,-3909512.5,1,483520.53,-3909500.5,1,483501.53,-3909490.0,1,483479.34,-3909480.0,1,483459.06,-3909471.0,1,483418.53,-3909455.2,1,483389.0,-3909445.2,1,483299.72,-3909416.2,1,483048.78,-3909346.0,1,482983.9,-3909328.0,1,482974.1,-3909325.5,1,482913.1,-3909308.5,1,482855.2,-3909292.5,1,482790.94,-3909274.5,1,482762.66,-3909265.8,1,482735.94,-3909257.2,1,482726.3,-3909254.5
12_4_ìcâÄìsésê¸_ìåãûã}çsìdìS,0,483368.22,-3932354.8,1,483323.44,-3932332.5,1,483261.9,-3932291.2,1,483214.38,-3932248.0,1,483129.03,-3932123.8,1,483123.12,-3932112.5,1,483098.66,-3932057.5,1,483073.16,-3931995.8,1,483066.4,-3931966.2,1,483059.9,-3931937.8,1,483057.62,-3931923.0,1,483046.53,-3931852.0,1,483026.97,-3931725.8,1,483001.22,-3931559.8,1,482999.38,-3931548.0,1,482989.8,-3931486.2,1,482987.9,-3931474.0
12_4_ç]ÉmìáìdìSê¸_ç]ÉmìáìdìS,0,478989.2,-3902437.8,1,478983.0,-3902434.5,1,478976.06,-3902431.2,1,478963.7,-3902426.0,1,478944.3,-3902417.0
12_4_Ç±Ç«Ç‡ÇÃçëê¸_ìåãûã}çsìdìS,0,476926.9,-3930212.8,1,476908.38,-3930299.0
11_1_ìåäCìπêVä≤ê¸_ìåäCó∑ãqìSìπ,0,446736.1,-3897159.2,1,446746.8,-3897172.0,1,447158.2,-3897654.2,1,447170.84,-3897669.2,1,447192.2,-3897694.2,1,447227.44,-3897735.5,1,447231.47,-3897740.2,1,447262.44,-3897776.5,1,447364.28,-3897896.2,1,447385.0,-3897920.5,1,447649.88,-3898231.5,1,447681.84,-3898269.2,1,447706.56,-3898298.0,1,447834.78,-3898448.0,1,448104.94,-3898764.5,1,448247.34,-3898931.2,1,448327.78,-3899018.5,1,448400.16,-3899092.2,1,448412.4,-3899105.0,1,448470.6,-3899162.2,1,448482.66,-3899174.2,1,448502.22,-3899193.5,1,448517.22,-3899208.5,1,448525.38,-3899215.5,1,448578.94,-3899261.8,1,448591.38,-3899272.5,1,448651.97,-3899324.8,1,448872.47,-3899493.0,1,449134.72,-3899663.0,1,449186.38,-3899694.5,1,449755.22,-3900011.5,1,449814.6,-3900044.2,1,449825.53,-3900050.2,1,449834.38,-3900055.0,1,449911.94,-3900098.0,1,449970.94,-3900130.5,1,449991.2,-3900141.5,1,449996.5,-3900144.5,1,450029.78,-3900162.8,1,450056.25,-3900177.5,1,450147.0,-3900227.5,1,450441.56,-3900389.8,1,450470.1,-3900405.5,1,450624.2,-3900494.2,1,450764.84,-3900571.2,1,451099.03,-3900754.5,1,451139.16,-3900776.8,1,451240.3,-3900833.0,1,451923.97,-3901208.5,1,452119.97,-3901319.2,1,452312.3,-3901427.8,1,452363.47,-3901454.2,1,452376.12,-3901461.2,1,452488.47,-3901523.5,1,452543.56,-3901554.0,1,452575.75,-3901571.8,1,452699.03,-3901640.2,1,452711.34,-3901647.0,1,452718.94,-3901651.2,1,452729.12,-3901656.8,1,452839.84,-3901718.2,1,452850.06,-3901723.8,1,452891.72,-3901747.0,1,452912.25,-3901758.2,1,452933.3,-3901770.0,1,452952.75,-3901780.8,1,452958.12,-3901783.5,1,453068.97,-3901841.2,1,453081.2,-3901847.0,1,453162.6,-3901886.0,1,453172.8,-3901891.0,1,453283.28,-3901944.0,1,453441.2,-3902012.5,1,453553.0,-3902057.0,1,453709.47,-3902108.5,1,453824.22,-3902146.0,1,453924.6,-3902180.8,1,453997.1,-3902205.0,1,454016.56,-3902211.5,1,454122.94,-3902247.0,1,454138.53,-3902252.2,1,454211.56,-3902276.5,1,454267.12,-3902295.5,1,454702.75,-3902444.5,1,455041.25,-3902562.0,1,455046.3,-3902569.8,1,455072.53,-3902581.5,1,455080.94,-3902585.5,1,455121.1,-3902600.0,1,455144.5,-3902608.2,1,455184.22,-3902622.0,1,455200.6,-3902628.2,1,455247.16,-3902645.5,1,455253.44,-3902647.5,1,455381.84,-3902692.2,1,455510.06,-3902738.0,1,455626.8,-3902778.5,1,455719.1,-3902810.8,1,455780.75,-3902833.0,1,455786.75,-3902835.5,1,455827.1,-3902850.2,1,455837.94,-3902853.8,1,455904.88,-3902876.2,1,455913.06,-3902878.8,1,455987.0,-3902904.0,1,455994.84,-3902906.2,1,456014.25,-3902913.8,1,456053.28,-3902926.0,1,456058.12,-3902927.8,1,456092.28,-3902939.2,1,456098.56,-3902941.5,1,456154.94,-3902962.5,1,456268.66,-3903000.8,1,456301.34,-3903011.8,1,456333.3,-3903022.5,1,456343.44,-3903026.2,1,456384.3,-3903041.5,1,456392.6,-3903044.2,1,456474.84,-3903072.2,1,456644.1,-3903127.8,1,456685.62,-3903141.0,1,456789.7,-3903174.5,1,456849.72,-3903196.2,1,456935.06,-3903229.5,1,456956.8,-3903239.2,1,457158.72,-3903332.5,1,457263.06,-3903389.0,1,457357.53,-3903444.2,1,457400.2,-3903472.2,1,457459.6,-3903515.5,1,457582.16,-3903599.0,1,457699.25,-3903680.2,1,457767.66,-3903729.2,1,457836.62,-3903778.2,1,457882.22,-3903809.8,1,458041.53,-3903922.0,1,458138.78,-3903990.5,1,458269.44,-3904081.8,1,458408.44,-3904180.2,1,458549.44,-3904281.5,1,458658.75,-3904353.8,1,458730.97,-3904406.2,1,458821.94,-3904476.8,1,458875.88,-3904524.8,1,458925.1,-3904576.5,1,458970.03,-3904623.8,1,459058.0,-3904719.0,1,459128.62,-3904799.0,1,459236.78,-3904918.8,1,459255.7,-3904940.5,1,459276.34,-3904963.8,1,459411.8,-3905111.2,1,459494.56,-3905200.8,1,459514.62,-3905221.8,1,459601.4,-3905313.0,1,459634.94,-3905354.2,1,459689.28,-3905413.2,1,459755.22,-3905485.8,1,459800.34,-3905535.2,1,459821.25,-3905558.5,1,459910.56,-3905655.5,1,459963.9,-3905710.2,1,459981.16,-3905729.0,1,460005.34,-3905755.2,1,460060.88,-3905811.5,1,460090.72,-3905844.2,1,460115.75,-3905871.5,1,460166.03,-3905936.8,1,460261.8,-3906060.2,1,460352.94,-3906179.0,1,460468.2,-3906328.5,1,460494.06,-3906361.2,1,460552.56,-3906437.2,1,460582.8,-3906476.8,1,460699.16,-3906625.5,1,460720.16,-3906653.2,1,460724.1,-3906658.2,1,460755.1,-3906699.0,1,460855.06,-3906828.0,1,460871.97,-3906850.8,1,460897.84,-3906884.2,1,460909.34,-3906900.5,1,460985.38,-3906997.2,1,461004.3,-3907023.2,1,461056.38,-3907090.2,1,461074.6,-3907116.5,1,461169.5,-3907235.0,1,461285.8,-3907383.2,1,461375.25,-3907496.0,1,461396.28,-3907521.0,1,461470.38,-3907615.2,1,461478.03,-3907624.8,1,461617.16,-3907799.5,1,461681.44,-3907871.5,1,461713.75,-3907905.2,1,461737.75,-3907929.0,1,461844.66,-3908026.8,1,461920.97,-3908091.2,1,462009.78,-3908168.0,1,462192.0,-3908325.0,1,462259.56,-3908382.5,1,462355.22,-3908467.2,1,462385.4,-3908493.0,1,462499.56,-3908592.2,1,462626.4,-3908702.0,1,462647.72,-3908720.5,1,463005.16,-3909031.5,1,463029.22,-3909051.2,1,463197.34,-3909197.8,1,463222.12,-3909219.8,1,463367.56,-3909345.5,1,463420.97,-3909393.2,1,463591.0,-3909540.8,1,463697.66,-3909632.8,1,463768.5,-3909693.5,1,463805.34,-3909726.2,1,463896.4,-3909805.2,1,464005.25,-3909900.8,1,464033.7,-3909926.8,1,464134.22,-3910012.8,1,464206.6,-3910075.5,1,464256.2,-3910119.2,1,464313.25,-3910169.2,1,464362.75,-3910211.2,1,464390.28,-3910238.2,1,464535.75,-3910363.2,1,464559.1,-3910384.5,1,464661.44,-3910471.2,1,464700.53,-3910506.0,1,464711.22,-3910515.5,1,464731.8,-3910533.8,1,464889.75,-3910671.8,1,464912.62,-3910691.0,1,464931.3,-3910708.0,1,464944.1,-3910719.2,1,464954.03,-3910728.2,1,464999.06,-3910768.5,1,465013.1,-3910780.0,1,465021.56,-3910788.5,1,465128.84,-3910882.2,1,465156.16,-3910905.0,1,465304.44,-3911034.2,1,465398.03,-3911116.0,1,465496.0,-3911199.0,1,465501.66,-3911204.0,1,465519.4,-3911217.0,1,465541.0,-3911232.8,1,465548.47,-3911239.2,1,465573.88,-3911258.2,1,465693.94,-3911348.8,1,465784.9,-3911410.5,1,465825.22,-3911434.0,1,465867.56,-3911460.2,1,465920.53,-3911490.5,1,465971.5,-3911520.2,1,466099.94,-3911591.2,1,466208.16,-3911651.0,1,466255.66,-3911676.8,1,466296.4,-3911699.0,1,466401.62,-3911758.2,1,466438.66,-3911778.2,1,466636.03,-3911879.2,1,466638.66,-3911880.8,1,466795.75,-3911965.0,1,467006.75,-3912075.5,1,467041.5,-3912095.0,1,467150.78,-3912153.0,1,467331.88,-3912249.0,1,467380.9,-3912275.2,1,467401.94,-3912286.5,1,467423.12,-3912298.0,1,467528.22,-3912354.0,1,467551.7,-3912366.2,1,467580.34,-3912381.5,1,467610.94,-3912397.0,1,467652.6,-3912418.8,1,467797.44,-3912495.5,1,467875.5,-3912537.0,1,467948.3,-3912576.0,1,468033.9,-3912621.2,1,468081.6,-3912646.5,1,468217.62,-3912719.2,1,468259.72,-3912741.2,1,468346.25,-3912788.0,1,468478.72,-3912856.8,1,468579.44,-3912910.0,1,468699.88,-3912973.8,1,468721.53,-3912985.2,1,468958.97,-3913111.5,1,468980.25,-3913123.2,1,469100.62,-3913186.2,1,469351.4,-3913318.5,1,469483.3,-3913389.0,1,469588.75,-3913445.2,1,469728.12,-3913519.0,1,470048.38,-3913688.8,1,470105.16,-3913719.0,1,470126.88,-3913730.2,1,470334.28,-3913842.5,1,470375.47,-3913863.2,1,470703.12,-3914041.2,1,470926.12,-3914162.2,1,471102.94,-3914255.0,1,471258.84,-3914340.8,1,471403.62,-3914420.2,1,471606.72,-3914534.0,1,471640.03,-3914552.5,1,471763.16,-3914620.8,1,471813.0,-3914648.2,1,471832.47,-3914659.5,1,472024.47,-3914767.0,1,472128.94,-3914824.2,1,472265.47,-3914899.0,1,472418.7,-3914982.2,1,472446.5,-3914997.5,1,472464.97,-3915008.2,1,472603.38,-3915083.2,1,472682.84,-3915126.8,1,472732.5,-3915153.8,1,472734.97,-3915155.0,1,472849.44,-3915217.5,1,472880.38,-3915234.2,1,472909.2,-3915250.0,1,472954.28,-3915274.5,1,472982.75,-3915290.0,1,473088.06,-3915347.2,1,473102.34,-3915355.0,1,473172.0,-3915393.8,1,473272.56,-3915448.2,1,473355.75,-3915494.2,1,473399.03,-3915518.2,1,473628.8,-3915645.0,1,473644.1,-3915653.5,1,473649.0,-3915656.2,1,473787.12,-3915732.8,1,473851.75,-3915768.5,1,473862.5,-3915774.0,1,474027.78,-3915861.0,1,474043.5,-3915869.0,1,474185.34,-3915943.5,1,474243.62,-3915976.0,1,474274.34,-3915993.2,1,474360.0,-3916041.2,1,474380.34,-3916052.8,1,474443.28,-3916086.5,1,474453.44,-3916092.0,1,474476.8,-3916104.8,1,474539.28,-3916138.5,1,474558.38,-3916148.8,1,474563.9,-3916151.5,1,474587.53,-3916164.0,1,474630.9,-3916185.8,1,474648.62,-3916194.8,1,474652.8,-3916197.0,1,474736.25,-3916239.0,1,474785.97,-3916262.8,1,474800.44,-3916269.5,1,474807.88,-3916273.2,1,474818.34,-3916278.0,1,474831.97,-3916284.5,1,474861.25,-3916298.5,1,475030.22,-3916378.2,1,475120.62,-3916416.0,1,475178.53,-3916440.8,1,475289.47,-3916489.0,1,475392.8,-3916533.5,1,475425.8,-3916548.5,1,475634.28,-3916643.0,1,475661.47,-3916655.0,1,475693.62,-3916669.2,1,475730.16,-3916685.0,1,475759.4,-3916697.8,1,475902.72,-3916759.5,1,476042.94,-3916822.5,1,476048.4,-3916825.0,1,476071.47,-3916835.2,1,476076.75,-3916837.8,1,476117.47,-3916856.0,1,476122.9,-3916858.5,1,476138.38,-3916865.5,1,476145.47,-3916868.5,1,476181.62,-3916884.8,1,476266.12,-3916923.2,1,476282.22,-3916930.5,1,476439.53,-3917002.2,1,476446.16,-3917005.5,1,476454.16,-3917009.0,1,476461.16,-3917012.2,1,476483.97,-3917022.8,1,476513.12,-3917035.5,1,476577.84,-3917064.2,1,476586.66,-3917068.2,1,476607.28,-3917077.2,1,476659.16,-3917099.5,1,476669.78,-3917104.2,1,476690.88,-3917111.8,1,476701.88,-3917116.8,1,476759.75,-3917142.2,1,476767.2,-3917145.5,1,476776.47,-3917149.8,1,476781.9,-3917152.2,1,476919.03,-3917215.0,1,476926.4,-3917218.2,1,477050.97,-3917272.5,1,477090.94,-3917290.0,1,477120.3,-3917302.8,1,477312.84,-3917387.0,1,477339.28,-3917398.5,1,477384.44,-3917418.2,1,477535.53,-3917484.0,1,477551.88,-3917491.2,1,477553.97,-3917492.0,1,477662.2,-3917542.5,1,477705.8,-3917560.8,1,477727.25,-3917569.5,1,477804.9,-3917598.0,1,477963.75,-3917670.2,1,478120.0,-3917740.0,1,478322.34,-3917831.5,1,478477.72,-3917902.8,1,478542.4,-3917931.5,1,478685.28,-3917987.5,1,478948.53,-3918082.2,1,478991.3,-3918097.8,1,479319.38,-3918213.2,1,479562.88,-3918307.8,1,479572.7,-3918311.5,1,479796.56,-3918426.8,1,480007.94,-3918558.0,1,480156.2,-3918657.0,1,480410.66,-3918840.5,1,480429.66,-3918853.8,1,480565.44,-3918951.5,1,480582.1,-3918963.2,1,480873.62,-3919174.5,1,480954.25,-3919234.2,1,481046.3,-3919296.5,1,481240.78,-3919439.0,1,481392.9,-3919549.2,1,481642.0,-3919727.0,1,481866.53,-3919890.8,1,481926.22,-3919931.2,1,481942.03,-3919943.8,1,481958.12,-3919955.8,1,482044.44,-3920017.5,1,482160.47,-3920102.8,1,482324.75,-3920218.8,1,482412.97,-3920281.0,1,482441.4,-3920301.0,1,482448.78,-3920306.2,1,482657.3,-3920459.8,1,482678.66,-3920475.2,1,482686.8,-3920481.0,1,482698.53,-3920489.5,1,482753.5,-3920529.2,1,482860.2,-3920607.0,1,482956.66,-3920676.5,1,482971.28,-3920687.2,1,483006.44,-3920712.0,1,483114.66,-3920790.0,1,483201.6,-3920850.0,1,483339.12,-3920949.5,1,483419.9,-3921011.8,1,483569.6,-3921115.8,1,483647.44,-3921171.8,1,483668.06,-3921186.2,1,483755.72,-3921249.8,1,483811.06,-3921288.2,1,483881.25,-3921335.2,1,483897.78,-3921346.2,1,483976.53,-3921393.8,1,484030.94,-3921429.2,1,484075.78,-3921456.5,1,484138.28,-3921491.8,1,484171.06,-3921508.8,1,484401.47,-3921614.8,1,484458.3,-3921638.2,1,484498.97,-3921654.0,1,484596.75,-3921688.8,1,484638.5,-3921704.8,1,484684.88,-3921718.8,1,484826.72,-3921759.5,1,484949.62,-3921797.2,1,485056.53,-3921829.5,1,485107.53,-3921844.5,1,485441.44,-3921941.2,1,485478.66,-3921952.0,1,485519.6,-3921964.2,1,485629.94,-3921997.0,1,485842.12,-3922068.8,1,485852.94,-3922072.5,1,485879.62,-3922081.2,1,485886.97,-3922083.5,1,486088.94,-3922168.2,1,486192.6,-3922220.5,1,486259.25,-3922254.8,1,486272.12,-3922262.0,1,486334.06,-3922297.2,1,486346.3,-3922304.8,1,486371.9,-3922320.8
12_4_ãvó¢ïlê¸_ãûïlã}çsìdìS,0,494858.84,-3891979.2,1,494928.9,-3892115.8
12_4_ìSìπê¸_î†ç™ìoéRìSìπ,0,444339.44,-3895946.5,1,444395.88,-3895952.5,1,444429.5,-3895958.5,1,444469.06,-3895972.2,1,444511.3,-3895993.5,1,444547.03,-3896014.2,1,444587.22,-3896023.5,1,444613.1,-3896028.8,1,444673.25,-3896020.8,1,444692.16,-3896013.5,1,444764.47,-3895998.8,1,444820.94,-3895989.0,1,444888.78,-3895988.8,1,444934.0,-3895987.8,1,444985.97,-3895990.5,1,445047.44,-3895995.5,1,445110.34,-3896004.8,1,445167.9,-3896013.0,1,445208.16,-3896021.2,1,445243.78,-3896025.0,1,445280.62,-3896024.0,1,445294.25,-3896022.2,1,445299.78,-3896020.8,1,445309.6,-3896018.8,1,445322.6,-3896015.8,1,445343.28,-3896003.2,1,445369.9,-3895985.5,1,445420.75,-3895951.2,1,445447.22,-3895934.8,1,445488.03,-3895912.2,1,445554.88,-3895879.5,1,445589.2,-3895866.5,1,445724.22,-3895821.0
24_5_ã‡ëÚÉVÅ[ÉTÉCÉhÉâÉCÉì_â°ïlêVìsésåí ,0,491063.94,-3908987.2,1,491047.75,-3909138.5,1,491047.2,-3909488.2,1,491044.5,-3909633.0
12_4_ìcâÄìsésê¸_ìåãûã}çsìdìS,0,476419.88,-3925669.8,1,476448.72,-3925713.8,1,476467.94,-3925744.5,1,476505.03,-3925819.0
12_4_ìSìπê¸_î†ç™ìoéRìSìπ,0,440564.84,-3894429.8,1,440460.97,-3894439.8,1,440421.06,-3894443.2
12_4_ìcâÄìsésê¸_ìåãûã}çsìdìS,0,485520.2,-3933204.8,1,485511.66,-3933202.5,1,485443.3,-3933185.2,1,485398.1,-3933169.8,1,485348.22,-3933151.8,1,485304.88,-3933133.2,1,485289.28,-3933126.0,1,485249.3,-3933102.5,1,485184.62,-3933064.8,1,485128.94,-3933025.2,1,485088.56,-3932992.0,1,485084.5,-3932988.5,1,485040.47,-3932945.5,1,485018.97,-3932923.2,1,484958.5,-3932856.5,1,484901.7,-3932796.8,1,484882.9,-3932774.2,1,484815.72,-3932697.8
11_2_íÜâõê¸_ìåì˙ñ{ó∑ãqìSìπ,0,445640.9,-3937006.8,1,445683.78,-3936985.0,1,445738.72,-3936962.5,1,445778.12,-3936951.5,1,445848.84,-3936934.5,1,445925.38,-3936918.5,1,446060.3,-3936888.0,1,446171.6,-3936864.2,1,446278.44,-3936844.8,1,446297.88,-3936841.5,1,446501.1,-3936806.0
12_4_ñ{ê¸_ãûïlã}çsìdìS,0,495747.56,-3897436.2,1,495886.88,-3897364.8
11_2_ìåäCìπê¸_ìåì˙ñ{ó∑ãqìSìπ,0,491983.97,-3922303.8,1,492012.62,-3922319.5,1,492065.72,-3922348.5,1,492112.56,-3922377.2,1,492159.12,-3922410.8,1,492173.1,-3922420.2
11_2_ç™ä›ê¸_ìåì˙ñ{ó∑ãqìSìπ,0,491421.16,-3915630.8,1,491352.34,-3915827.8
12_4_ñ{ê¸_ãûïlã}çsìdìS,0,493453.7,-3899393.5,1,493462.6,-3899389.8,1,493473.7,-3899383.8,1,493480.4,-3899380.5,1,493489.03,-3899375.8,1,493506.7,-3899365.2,1,493576.4,-3899321.0
11_2_ìÏïêê¸_ìåì˙ñ{ó∑ãqìSìπ,0,484577.78,-3937131.2,1,484491.4,-3937177.8,1,484434.84,-3937204.2
12_4_ñ{ê¸_ëäñÕìSìπ,0,470374.2,-3920158.0,1,470565.56,-3920242.5
11_2_â°ê{âÍê¸_ìåì˙ñ{ó∑ãqìSìπ,0,482044.22,-3906001.5,1,481923.44,-3906139.0,1,481860.16,-3906211.0,1,481781.53,-3906298.0,1,481737.38,-3906334.0,1,481696.8,-3906362.5,1,481636.62,-3906394.0,1,481504.6,-3906450.2,1,481375.56,-3906497.0,1,481320.28,-3906525.5,1,481279.75,-3906554.0,1,481246.53,-3906579.5,1,481213.44,-3906619.8,1,481131.97,-3906720.0,1,481071.2,-3906805.5,1,481044.97,-3906836.2,1,481017.34,-3906871.0,1,480960.34,-3906942.5,1,480926.53,-3906988.8,1,480903.97,-3907018.8,1,480858.62,-3907093.8,1,480830.38,-3907149.0,1,480815.78,-3907201.5,1,480810.75,-3907233.5,1,480815.88,-3907282.8,1,480835.66,-3907368.0,1,480869.72,-3907487.5,1,480889.38,-3907543.5
12_4_ìcâÄìsésê¸_ìåãûã}çsìdìS,0,489200.22,-3935616.8,1,489242.4,-3935672.0,1,489311.7,-3935748.2
12_3_3çÜê¸_â°ïlés,0,488350.44,-3925912.5,1,488346.72,-3925982.0
11_2_â°ïlê¸_ìåì˙ñ{ó∑ãqìSìπ,0,466501.06,-3932828.5,1,466517.72,-3932817.0,1,466734.16,-3932674.0,1,466878.97,-3932580.8,1,466938.62,-3932542.2,1,467107.4,-3932434.0,1,467246.5,-3932343.2,1,467368.72,-3932265.5,1,467469.06,-3932200.2,1,467642.2,-3932085.2,1,467779.94,-3931998.2
12_4_è¨ìcå¥ê¸_è¨ìcã}ìdìS,0,479511.78,-3935850.0,1,479682.25,-3935930.0
12_3_3çÜê¸_â°ïlés,0,485247.7,-3929789.8,1,485181.0,-3929627.8
12_4_è¨ìcå¥ê¸_è¨ìcã}ìdìS,0,484089.72,-3936842.5,1,484110.2,-3936854.0,1,484166.7,-3936885.0,1,484219.62,-3936916.8,1,484261.7,-3936950.2,1,484271.3,-3936958.0,1,484297.9,-3936988.5,1,484325.6,-3937023.5,1,484347.75,-3937059.0,1,484372.2,-3937101.0
11_2_å‰ìaèÍê¸_ìåäCó∑ãqìSìπ,0,446231.38,-3905688.0,1,446266.78,-3905648.2,1,446301.8,-3905608.8,1,446385.75,-3905514.0
11_2_ìåäCìπê¸_ìåì˙ñ{ó∑ãqìSìπ,0,473320.9,-3905833.0,1,473437.44,-3905837.8,1,473706.28,-3905850.5,1,473994.16,-3905868.8,1,474221.56,-3905881.5,1,474239.66,-3905882.5,1,474481.44,-3905896.5,1,474735.94,-3905911.8,1,474989.34,-3905926.2,1,475245.1,-3905941.2,1,475310.72,-3905945.0,1,475604.56,-3905961.5,1,475674.38,-3905965.8,1,475969.3,-3905984.5,1,476328.88,-3906001.5,1,476539.47,-3906016.2,1,476679.8,-3906024.0
12_4_ñ{ê¸_ãûïlã}çsìdìS,0,489578.5,-3917843.2,1,489582.66,-3917834.0,1,489594.62,-3917804.8,1,489607.8,-3917766.5
11_2_ëäñÕê¸_ìåì˙ñ{ó∑ãqìSìπ,0,468310.78,-3921445.5,1,468380.28,-3921269.0,1,468400.5,-3921217.8,1,468526.3,-3920900.8,1,468586.7,-3920757.5,1,468599.16,-3920721.5,1,468610.94,-3920688.0,1,468613.9,-3920679.2,1,468620.75,-3920618.8,1,468626.28,-3920567.2,1,468625.25,-3920525.2,1,468616.06,-3920470.0,1,468611.06,-3920443.8,1,468609.88,-3920437.5,1,468605.34,-3920414.2,1,468589.75,-3920318.8,1,468554.1,-3920134.2,1,468527.44,-3919983.0,1,468508.38,-3919877.5,1,468501.6,-3919840.8,1,468476.44,-3919705.8,1,468454.06,-3919585.8,1,468435.56,-3919480.8,1,468427.78,-3919436.2,1,468389.8,-3919220.8,1,468380.3,-3919182.5,1,468370.22,-3919152.5,1,468347.06,-3919093.8,1,468327.88,-3919056.0,1,468317.38,-3919036.8,1,468311.53,-3919027.0,1,468305.78,-3919019.5,1,468291.94,-3919000.5,1,468267.3,-3918970.5,1,468234.34,-3918937.8,1,468193.4,-3918904.2,1,468146.28,-3918870.2,1,468089.16,-3918836.0
12_4_è¨ìcå¥ê¸_è¨ìcã}ìdìS,0,482031.66,-3936551.2,1,482237.28,-3936578.2,1,482254.7,-3936580.5,1,482494.8,-3936601.0,1,482797.22,-3936606.5,1,483101.88,-3936602.0,1,483239.88,-3936604.0,1,483267.97,-3936602.8,1,483300.94,-3936602.8,1,483481.4,-3936604.0,1,483553.97,-3936608.2,1,483620.62,-3936616.8,1,483676.8,-3936633.5,1,483694.22,-3936640.5,1,483705.0,-3936644.8,1,483740.25,-3936661.0,1,483808.06,-3936693.2,1,483897.9,-3936743.2
11_2_ìåäCìπê¸_ìåì˙ñ{ó∑ãqìSìπ,0,444410.84,-3885963.0,1,444434.34,-3885977.0,1,444453.03,-3885990.2,1,444483.5,-3886013.5,1,444512.78,-3886037.0,1,444569.34,-3886094.0,1,444600.72,-3886130.0,1,444635.9,-3886168.2
12_4_ç]ÉmìáìdìSê¸_ç]ÉmìáìdìS,0,477475.75,-3902647.8,1,477433.1,-3902671.8
12_4_ìcâÄìsésê¸_ìåãûã}çsìdìS,0,488874.4,-3935305.8,1,488967.66,-3935365.0,1,489026.78,-3935403.2,1,489058.3,-3935430.8,1,489097.7,-3935472.5,1,489114.28,-3935494.0,1,489129.62,-3935514.2,1,489153.66,-3935552.5,1,489170.0,-3935575.0,1,489194.12,-3935608.5,1,489200.22,-3935616.8
12_4_è¨ìcå¥ê¸_è¨ìcã}ìdìS,0,479682.25,-3935930.0,1,479762.3,-3935971.5,1,479879.5,-3936039.8,1,479936.47,-3936081.8,1,479990.28,-3936131.8,1,480035.22,-3936182.2,1,480063.47,-3936217.5,1,480100.2,-3936270.5,1,480169.6,-3936366.5,1,480217.16,-3936417.5,1,480243.84,-3936441.0,1,480297.62,-3936478.5,1,480331.2,-3936497.0,1,480385.84,-3936518.0,1,480432.7,-3936529.0,1,480470.84,-3936534.5,1,480513.66,-3936535.5,1,480543.38,-3936536.0,1,480592.28,-3936530.2
11_2_ìåäCìπê¸_ìåì˙ñ{ó∑ãqìSìπ,0,472978.16,-3905811.5,1,473320.9,-3905833.0
11_2_â°ê{âÍê¸_ìåì˙ñ{ó∑ãqìSìπ,0,482044.22,-3906001.5,1,481923.44,-3906139.0,1,481860.16,-3906211.0,1,481781.53,-3906298.0,1,481737.38,-3906334.0,1,481696.8,-3906362.5,1,481636.62,-3906394.0,1,481504.6,-3906450.2,1,481375.56,-3906497.0,1,481320.28,-3906525.5,1,481279.75,-3906554.0,1,481246.53,-3906579.5,1,481213.44,-3906619.8,1,481131.97,-3906720.0,1,481071.2,-3906805.5,1,481044.97,-3906836.2,1,481017.34,-3906871.0,1,480960.34,-3906942.5,1,480926.53,-3906988.8,1,480903.97,-3907018.8,1,480858.62,-3907093.8,1,480830.38,-3907149.0,1,480815.78,-3907201.5,1,480810.75,-3907233.5,1,480815.88,-3907282.8,1,480835.66,-3907368.0,1,480869.72,-3907487.5,1,480889.38,-3907543.5
11_2_â°ïlê¸_ìåì˙ñ{ó∑ãqìSìπ,0,488858.06,-3924582.2,1,488664.53,-3924559.2
11_2_å‰ìaèÍê¸_ìåäCó∑ãqìSìπ,0,445221.53,-3906984.0,1,445333.84,-3906937.2
12_4_ñ{ê¸_ãûïlã}çsìdìS,0,489835.06,-3908479.2,1,489849.28,-3908616.8,1,489871.44,-3908906.8,1,489875.66,-3908947.2,1,489869.03,-3909031.8
12_4_ç]Émìáê¸_è¨ìcã}ìdìS,0,474570.4,-3920606.5,1,474566.72,-3920614.8,1,474547.62,-3920658.0,1,474512.28,-3920738.0,1,474445.16,-3920899.0,1,474402.44,-3921000.0,1,474399.47,-3921007.2,1,474363.16,-3921093.2,1,474303.03,-3921236.8,1,474232.38,-3921399.2,1,474151.22,-3921591.0,1,474109.66,-3921688.0,1,474085.25,-3921745.2,1,474061.47,-3921801.8,1,474012.38,-3921918.5,1,473986.75,-3921976.0,1,473947.84,-3922066.2,1,473874.97,-3922239.0,1,473870.47,-3922249.5,1,473778.03,-3922465.0,1,473722.28,-3922600.2,1,473661.8,-3922739.5
12_3_1çÜê¸_â°ïlés,0,488916.03,-3916701.2,1,489010.28,-3916732.8,1,489067.78,-3916750.8,1,489147.6,-3916779.8,1,489273.72,-3916835.8,1,489275.0,-3916836.5,1,489281.2,-3916839.5,1,489384.88,-3916889.2
11_2_â°ïlê¸_ìåì˙ñ{ó∑ãqìSìπ,0,477782.2,-3927344.2,1,477828.88,-3927344.0,1,478014.72,-3927341.0,1,478077.62,-3927337.2,1,478143.6,-3927322.8,1,478311.97,-3927256.2,1,478340.84,-3927244.5,1,478373.47,-3927232.2,1,478410.5,-3927216.8,1,478460.4,-3927198.2,1,478488.75,-3927186.2,1,478756.6,-3927080.2,1,478989.38,-3926988.0,1,479243.1,-3926889.0,1,479309.94,-3926862.8,1,479547.06,-3926766.8
11_2_ìåäCìπê¸_ìåì˙ñ{ó∑ãqìSìπ,0,469848.72,-3905210.8,1,470003.62,-3905276.8,1,470198.88,-3905365.2,1,470462.47,-3905482.5,1,470684.8,-3905581.2,1,470767.9,-3905618.2,1,470851.34,-3905655.2,1,470921.12,-3905673.5,1,471041.4,-3905690.8,1,471214.56,-3905702.2,1,471407.9,-3905714.0,1,471598.88,-3905725.8,1,471762.22,-3905735.5,1,471805.03,-3905738.0,1,472026.72,-3905749.8,1,472269.06,-3905765.5,1,472446.5,-3905777.2,1,472564.84,-3905783.0,1,472717.8,-3905793.2,1,472761.2,-3905797.5,1,472838.06,-3905801.5,1,472915.34,-3905807.0,1,472938.44,-3905808.5,1,472978.16,-3905811.5
12_4_ëΩñÄê¸_è¨ìcã}ìdìS,0,476495.0,-3935501.5,1,476395.0,-3935568.8
12_4_è¨ìcå¥ê¸_è¨ìcã}ìdìS,0,477872.72,-3933669.8,1,477953.34,-3933816.0
11_2_íÜâõê¸_ìåì˙ñ{ó∑ãqìSìπ,0,450033.06,-3936890.2,1,450069.53,-3936883.0,1,450080.5,-3936881.5,1,450097.06,-3936881.0,1,450121.34,-3936881.0,1,450145.44,-3936883.2,1,450174.88,-3936886.5,1,450206.8,-3936894.5
13_4_ç|çıê¸_î†ç™ìoéRìSìπ,0,436775.53,-3896425.8,1,436710.47,-3896400.8
13_4_ç|çıê¸_î†ç™ìoéRìSìπ,0,436710.47,-3896400.8,1,436704.28,-3896398.2,1,436686.94,-3896390.8,1,436525.3,-3896322.8
12_4_ñ{ê¸_ãûïlã}çsìdìS,0,489271.22,-3917179.0,1,489164.9,-3917136.2
12_4_ëÂóYéRê¸_à…ì§î†ç™ìSìπ,0,446688.12,-3899150.5,1,446657.3,-3899171.8,1,446618.6,-3899189.5,1,446555.44,-3899213.2,1,446496.06,-3899235.0,1,446463.3,-3899249.2,1,446439.7,-3899264.5,1,446420.94,-3899281.2,1,446390.6,-3899315.8,1,446134.2,-3899618.2
11_2_ìÏïêê¸_ìåì˙ñ{ó∑ãqìSìπ,0,485284.75,-3936615.2,1,485235.16,-3936640.2,1,485111.28,-3936702.5,1,485007.66,-3936752.5,1,484915.0,-3936799.2,1,484886.16,-3936819.5,1,484850.53,-3936853.2,1,484797.38,-3936908.0,1,484667.94,-3937048.0,1,484614.78,-3937102.0,1,484577.78,-3937131.2
11_2_å‰ìaèÍê¸_ìåäCó∑ãqìSìπ,0,445221.53,-3906984.0,1,445333.84,-3906937.2
12_4_ñ{ê¸_ãûïlã}çsìdìS,0,497603.94,-3896307.0,1,497608.06,-3896355.8,1,497609.25,-3896393.0,1,497606.88,-3896425.2,1,497602.44,-3896471.5
13_4_ëÂéRç|çıê¸_ëÂéRäœåıìdìS,0,454292.1,-3916380.0,1,454254.56,-3916408.0
12_3_1çÜê¸_â°ïlés,0,484746.66,-3912890.8,1,484640.8,-3912964.2
11_2_â°ê{âÍê¸_ìåì˙ñ{ó∑ãqìSìπ,0,492575.6,-3897015.8,1,492803.22,-3896928.5
11_2_ìåäCìπê¸_ìåì˙ñ{ó∑ãqìSìπ,0,464505.66,-3904872.8,1,464656.94,-3904903.8,1,464809.25,-3904945.0,1,464939.53,-3904978.0,1,465044.16,-3904999.8,1,465232.25,-3905038.5,1,465269.62,-3905046.0,1,465322.03,-3905056.5,1,465365.3,-3905065.2,1,465510.88,-3905098.0,1,465540.34,-3905106.5,1,465579.94,-3905120.0,1,465686.9,-3905144.2,1,465993.56,-3905212.2,1,466188.84,-3905253.5,1,466320.0,-3905282.5,1,466367.75,-3905292.2,1,466383.38,-3905293.5,1,466397.22,-3905294.5,1,466414.66,-3905295.8,1,466454.3,-3905299.2,1,466492.3,-3905302.8,1,466522.84,-3905304.0,1,466541.47,-3905304.8,1,466565.12,-3905305.0,1,466588.2,-3905304.2,1,466609.53,-3905302.2,1,466634.88,-3905299.0,1,466653.78,-3905295.2,1,466674.56,-3905290.2,1,466699.44,-3905283.2,1,466733.03,-3905272.2,1,466776.5,-3905254.2,1,466804.25,-3905241.0,1,466833.38,-3905226.8
12_4_ëÂóYéRê¸_à…ì§î†ç™ìSìπ,0,445227.84,-3900565.5,1,445097.5,-3900696.0,1,444997.9,-3900795.8,1,444857.1,-3900937.8,1,444802.3,-3900993.2,1,444800.88,-3900994.8
12_4_ìcâÄìsésê¸_ìåãûã}çsìdìS,0,479631.44,-3928571.5,1,479512.5,-3928564.0,1,479427.16,-3928550.0,1,479343.53,-3928529.8,1,479331.75,-3928527.0,1,479252.8,-3928498.0,1,479168.06,-3928450.5,1,479087.62,-3928398.8,1,479052.9,-3928367.0,1,478959.6,-3928268.2,1,478803.44,-3928102.0,1,478761.8,-3928054.2,1,478578.94,-3927856.8
12_4_ñ{ê¸_ãûïlã}çsìdìS,0,494065.8,-3898440.8,1,494117.53,-3898397.0,1,494154.44,-3898366.8,1,494163.9,-3898359.0,1,494172.44,-3898352.0,1,494190.34,-3898337.2
12_4_Ç±Ç«Ç‡ÇÃçëê¸_ìåãûã}çsìdìS,0,477699.0,-3927364.0,1,477470.25,-3927381.8
11_2_ç™ä›ê¸_ìåì˙ñ{ó∑ãqìSìπ,0,485079.97,-3910050.0,1,484984.75,-3910026.0,1,484924.12,-3910008.8
12_4_è¨ìcå¥ê¸_è¨ìcã}ìdìS,0,469025.66,-3921686.2,1,469025.8,-3921673.0,1,469025.9,-3921652.8,1,469026.3,-3921614.8,1,469029.34,-3921540.2,1,469032.12,-3921478.2,1,469032.88,-3921437.5,1,469033.0,-3921397.2,1,469032.38,-3921375.8,1,469028.84,-3921322.2,1,469024.1,-3921231.0,1,469014.38,-3921122.2,1,469009.6,-3921051.0,1,469003.97,-3920980.5,1,469002.84,-3920965.5,1,469002.2,-3920956.2,1,469001.22,-3920943.8,1,468997.6,-3920893.5,1,468990.7,-3920812.5,1,468985.84,-3920725.0,1,468985.1,-3920714.8,1,468984.53,-3920708.0,1,468980.56,-3920659.2,1,468973.06,-3920569.5,1,468965.4,-3920454.5,1,468958.72,-3920360.2,1,468957.3,-3920340.2,1,468956.53,-3920331.2,1,468950.84,-3920255.0,1,468947.97,-3920214.2,1,468947.03,-3920202.2,1,468935.0,-3920034.8,1,468934.62,-3920028.8,1,468933.66,-3920016.2,1,468927.06,-3919917.5,1,468923.88,-3919882.2,1,468920.8,-3919845.0,1,468919.88,-3919832.2,1,468917.94,-3919799.8,1,468915.53,-3919761.2,1,468910.97,-3919725.0,1,468905.53,-3919698.5,1,468898.56,-3919676.0,1,468894.5,-3919663.5,1,468887.47,-3919643.8,1,468879.88,-3919627.8,1,468879.06,-3919626.0,1,468876.12,-3919619.2,1,468871.0,-3919608.8,1,468865.72,-3919598.2,1,468830.62,-3919528.8,1,468805.12,-3919481.5,1,468801.03,-3919473.0,1,468788.06,-3919449.0,1,468755.72,-3919388.2,1,468723.56,-3919325.8,1,468668.5,-3919224.0,1,468645.28,-3919177.5,1,468626.25,-3919137.8,1,468611.75,-3919111.2,1,468594.66,-3919080.2,1,468583.53,-3919063.5,1,468575.88,-3919051.5,1,468560.53,-3919029.2,1,468552.53,-3919017.8,1,468539.47,-3918999.2,1,468498.38,-3918950.5,1,468434.25,-3918881.5,1,468358.3,-3918810.0,1,468281.2,-3918737.2
12_4_Ç¢Ç∏Ç›ñÏê¸_ëäñÕìSìπ,0,477745.8,-3916026.0,1,477801.0,-3916013.8,1,477921.0,-3915986.5,1,477998.06,-3915973.5,1,478094.6,-3915960.0,1,478178.84,-3915959.8,1,478246.6,-3915970.5,1,478308.16,-3915987.5,1,478502.47,-3916043.5,1,478623.9,-3916076.8
11_2_íÜâõê¸_ìåì˙ñ{ó∑ãqìSìπ,0,449835.28,-3936956.0,1,449777.06,-3936975.0,1,449621.7,-3937027.0,1,449524.53,-3937062.8,1,449473.12,-3937088.5,1,449425.28,-3937116.5,1,449343.16,-3937166.5,1,449256.34,-3937222.2,1,449224.22,-3937238.5,1,449060.44,-3937310.8,1,449001.03,-3937330.8,1,448956.4,-3937347.0,1,448907.88,-3937364.5,1,448715.72,-3937430.8,1,448695.62,-3937435.8,1,448666.88,-3937443.0,1,448634.94,-3937448.2,1,448621.28,-3937449.8,1,448591.12,-3937452.2,1,448568.3,-3937452.5,1,448549.8,-3937451.0,1,448524.16,-3937448.0,1,448477.28,-3937436.2,1,448435.56,-3937423.8,1,448412.06,-3937416.0,1,448387.72,-3937405.2,1,448371.16,-3937394.0,1,448361.0,-3937387.5,1,448358.62,-3937385.8,1,448335.25,-3937369.8,1,448329.7,-3937364.5,1,448160.9,-3937230.0,1,448109.6,-3937190.0,1,448081.3,-3937167.2,1,447894.16,-3937020.0,1,447721.0,-3936883.5,1,447684.03,-3936851.2,1,447670.2,-3936839.5
12_4_ñ{ê¸_ëäñÕìSìπ,0,482586.34,-3921061.0,1,482691.2,-3921097.0
12_4_ëÂóYéRê¸_à…ì§î†ç™ìSìπ,0,446815.84,-3897078.5,1,446879.47,-3897193.0,1,446888.97,-3897211.5,1,446895.4,-3897224.5,1,446907.6,-3897242.2,1,446922.8,-3897261.8,1,446939.84,-3897279.5,1,446950.84,-3897294.5,1,446962.3,-3897308.2,1,446972.3,-3897323.2,1,446975.66,-3897334.2
12_4_ñ{ê¸_ëäñÕìSìπ,0,470565.56,-3920242.5,1,470614.16,-3920262.0,1,470631.16,-3920270.0,1,470655.06,-3920281.0,1,470677.6,-3920293.0,1,470724.7,-3920319.0,1,470743.16,-3920331.5,1,470757.6,-3920340.0,1,470804.44,-3920371.2,1,470834.72,-3920393.0,1,470849.72,-3920403.8,1,470859.0,-3920410.2,1,470866.34,-3920415.8,1,470910.38,-3920447.5,1,470993.7,-3920508.2,1,471017.16,-3920525.5,1,471076.34,-3920568.8,1,471159.75,-3920631.0,1,471228.94,-3920675.8,1,471246.94,-3920686.2,1,471267.38,-3920695.0,1,471287.38,-3920702.0,1,471301.34,-3920707.2,1,471324.16,-3920713.8,1,471335.4,-3920716.5,1,471348.03,-3920717.5,1,471364.34,-3920718.2,1,471377.7,-3920718.8,1,471396.2,-3920718.8,1,471561.5,-3920713.8
11_2_ç™ä›ê¸_ìåì˙ñ{ó∑ãqìSìπ,0,489899.44,-3918500.5,1,490049.88,-3918332.8
12_4_ñ{ê¸_ëäñÕìSìπ,0,471561.5,-3920713.8,1,471601.7,-3920712.5,1,471604.94,-3920712.5,1,471633.7,-3920711.8,1,471767.22,-3920706.8
11_2_ìÏïêê¸_ìåì˙ñ{ó∑ãqìSìπ,0,488151.84,-3934815.5,1,488101.28,-3934865.0,1,488046.88,-3934903.5,1,488016.94,-3934917.2,1,487927.38,-3934939.5,1,487746.8,-3934989.5,1,487685.25,-3935005.0,1,487641.7,-3935017.0,1,487611.28,-3935034.8,1,487523.7,-3935096.0,1,487444.88,-3935150.5,1,487413.03,-3935172.8,1,487320.1,-3935240.8
12_4_ç]Émìáê¸_è¨ìcã}ìdìS,0,472405.5,-3927297.2,1,472474.75,-3927411.5
24_5_ã‡ëÚÉVÅ[ÉTÉCÉhÉâÉCÉì_â°ïlêVìsésåí ,0,489221.8,-3905143.5,1,489227.72,-3905136.5,1,489283.72,-3905075.0,1,489313.5,-3905046.8,1,489390.5,-3904984.5,1,489467.94,-3904921.5,1,489502.72,-3904892.2,1,489530.5,-3904874.5,1,489556.3,-3904862.2,1,489576.47,-3904857.0,1,489601.9,-3904856.2,1,489614.9,-3904857.0,1,489639.8,-3904862.5,1,489666.84,-3904872.2,1,489694.38,-3904885.0,1,489708.38,-3904891.0,1,489716.94,-3904896.2,1,489729.5,-3904903.8,1,489758.7,-3904921.5,1,489791.7,-3904944.8,1,489822.53,-3904965.5,1,489861.28,-3904990.0,1,489904.66,-3905019.5,1,489928.94,-3905036.2,1,489983.88,-3905073.2,1,489991.34,-3905077.5
11_2_â°ê{âÍê¸_ìåì˙ñ{ó∑ãqìSìπ,0,482470.28,-3904865.5,1,482471.88,-3904892.5,1,482474.4,-3904973.8,1,482475.66,-3905053.8,1,482477.8,-3905097.5,1,482480.5,-3905207.8,1,482483.6,-3905261.8,1,482483.16,-3905275.0,1,482483.25,-3905317.5,1,482482.5,-3905355.2,1,482480.2,-3905379.5,1,482475.34,-3905408.8
12_4_ëÂóYéRê¸_à…ì§î†ç™ìSìπ,0,444731.16,-3901070.5,1,444716.7,-3901085.2,1,444705.4,-3901100.0,1,444643.12,-3901203.8,1,444549.16,-3901362.5,1,444454.38,-3901518.5,1,444390.56,-3901626.2,1,444327.16,-3901723.8
11_2_ç™ä›ê¸_ìåì˙ñ{ó∑ãqìSìπ,0,491040.03,-3917135.8,1,491030.44,-3917159.0,1,491013.94,-3917195.5,1,490996.1,-3917229.0,1,490973.8,-3917260.8,1,490952.16,-3917292.5,1,490927.7,-3917321.0,1,490907.28,-3917339.8,1,490890.03,-3917352.2,1,490864.56,-3917369.2,1,490837.16,-3917384.8,1,490799.6,-3917404.2,1,490761.97,-3917426.0,1,490714.78,-3917450.2,1,490680.97,-3917468.0,1,490644.03,-3917487.5,1,490613.38,-3917509.2,1,490584.72,-3917531.0,1,490559.88,-3917548.8,1,490516.28,-3917583.5
24_5_ã‡ëÚÉVÅ[ÉTÉCÉhÉâÉCÉì_â°ïlêVìsésåí ,0,490978.06,-3910215.0,1,490936.7,-3910274.5
11_2_â°ê{âÍê¸_ìåì˙ñ{ó∑ãqìSìπ,0,492237.44,-3899941.0,1,492268.8,-3899927.8,1,492301.8,-3899908.2,1,492334.97,-3899888.2,1,492360.06,-3899865.0,1,492388.94,-3899837.2,1,492399.22,-3899822.5,1,492406.84,-3899792.0,1,492410.34,-3899769.2,1,492411.1,-3899765.2,1,492410.62,-3899746.8,1,492410.12,-3899715.2,1,492408.0,-3899682.2,1,492400.78,-3899635.2,1,492378.12,-3899499.5,1,492359.34,-3899330.0,1,492334.97,-3899121.5,1,492317.4,-3899027.0,1,492304.34,-3898960.5,1,492295.3,-3898914.5,1,492287.25,-3898852.5,1,492277.2,-3898782.8,1,492273.16,-3898755.2,1,492247.53,-3898565.2,1,492214.38,-3898378.5,1,492192.3,-3898231.8,1,492177.84,-3898117.5,1,492162.66,-3898012.5,1,492158.8,-3897971.2,1,492149.56,-3897911.2,1,492133.38,-3897796.5,1,492129.88,-3897763.0,1,492125.38,-3897708.2,1,492119.12,-3897639.8,1,492119.47,-3897608.8,1,492123.25,-3897573.8,1,492126.6,-3897543.5,1,492128.94,-3897523.8,1,492134.2,-3897497.8,1,492142.0,-3897463.5,1,492151.84,-3897412.2,1,492155.4,-3897401.0,1,492165.2,-3897371.5,1,492175.72,-3897343.2,1,492183.62,-3897323.2,1,492195.4,-3897298.2,1,492232.22,-3897241.5,1,492243.28,-3897226.2,1,492255.94,-3897211.5,1,492275.56,-3897190.0,1,492299.72,-3897165.5,1,492318.9,-3897150.2,1,492342.1,-3897132.0,1,492365.72,-3897113.5,1,492376.9,-3897106.5,1,492394.47,-3897094.5,1,492445.8,-3897069.5,1,492463.66,-3897061.0,1,492471.66,-3897057.2,1,492575.6,-3897015.8
11_2_ìåäCìπê¸_ìåì˙ñ{ó∑ãqìSìπ,0,489110.22,-3919926.5,1,489151.5,-3919990.0,1,489280.0,-3920166.0
12_4_ç]Émìáê¸_è¨ìcã}ìdìS,0,474992.22,-3918440.8,1,474998.94,-3918564.0,1,474999.7,-3918579.5,1,475008.53,-3918758.0,1,475016.97,-3918952.5,1,475017.75,-3918968.0,1,475024.2,-3919099.5,1,475034.25,-3919318.0,1,475035.9,-3919361.0,1,475034.12,-3919404.5,1,475033.12,-3919430.5,1,475033.03,-3919433.5,1,475029.47,-3919455.0,1,475027.12,-3919466.5,1,475020.97,-3919499.5,1,475011.16,-3919532.8,1,475000.56,-3919565.5,1,474993.1,-3919592.0,1,474981.03,-3919622.0,1,474944.44,-3919709.5,1,474871.78,-3919887.0,1,474811.3,-3920033.0,1,474727.4,-3920231.0,1,474673.6,-3920359.2,1,474648.47,-3920419.0
12_4_ëÂóYéRê¸_à…ì§î†ç™ìSìπ,0,446888.44,-3898401.2,1,446884.66,-3898471.8
11_2_ìÏïêê¸_ìåì˙ñ{ó∑ãqìSìπ,0,494801.38,-3927307.5,1,494854.06,-3927174.2
12_4_ìcâÄìsésê¸_ìåãûã}çsìdìS,0,478486.53,-3927757.0,1,478456.44,-3927726.0,1,478433.34,-3927702.2,1,478349.34,-3927608.0,1,478278.1,-3927531.0,1,478202.22,-3927453.2,1,478165.78,-3927425.5,1,478108.6,-3927393.5,1,478040.62,-3927371.5,1,477920.75,-3927363.5,1,477828.94,-3927362.5,1,477699.0,-3927364.0
12_4_ç]Émìáê¸_è¨ìcã}ìdìS,0,472388.94,-3927305.5,1,472353.6,-3927256.0
11_2_ìåäCìπê¸_ìåì˙ñ{ó∑ãqìSìπ,0,445792.44,-3895245.8,1,445768.1,-3895176.8,1,445749.88,-3895127.2,1,445717.4,-3895038.5,1,445685.03,-3894951.2
12_4_ìSìπê¸_î†ç™ìoéRìSìπ,0,443593.6,-3895361.2,1,443633.06,-3895387.8,1,443661.66,-3895406.0,1,443706.53,-3895438.8,1,443757.2,-3895476.0,1,443809.94,-3895516.0,1,443876.88,-3895569.8,1,443936.9,-3895626.0,1,443961.62,-3895651.0,1,443995.47,-3895692.2,1,444017.53,-3895714.2,1,444039.7,-3895736.0,1,444062.56,-3895756.5,1,444121.97,-3895812.0,1,444179.16,-3895866.5,1,444204.5,-3895887.5,1,444228.56,-3895907.8,1,444266.28,-3895932.0
12_3_3çÜê¸_â°ïlés,0,485181.0,-3929627.8,1,484885.22,-3928904.5
11_2_ëäñÕê¸_ìåì˙ñ{ó∑ãqìSìπ,0,467051.97,-3912320.2,1,467096.28,-3912444.0,1,467134.62,-3912551.8,1,467168.12,-3912645.8,1,467216.0,-3912772.2,1,467267.72,-3912914.0,1,467284.97,-3912960.0,1,467308.34,-3913022.2,1,467318.28,-3913057.5,1,467326.8,-3913100.5,1,467329.53,-3913128.0,1,467329.66,-3913161.8,1,467329.8,-3913202.5,1,467327.75,-3913233.8,1,467323.38,-3913258.5,1,467317.75,-3913285.5,1,467301.7,-3913333.2,1,467298.0,-3913344.5,1,467286.47,-3913371.8,1,467282.25,-3913382.0,1,467270.34,-3913407.8,1,467238.34,-3913473.0,1,467209.06,-3913532.8
11_2_å‰ìaèÍê¸_ìåäCó∑ãqìSìπ,0,447587.2,-3904157.2,1,447666.3,-3904067.5,1,447690.34,-3904040.2,1,447734.3,-3903990.2,1,448283.88,-3903367.8,1,448946.62,-3902617.0,1,448962.16,-3902599.5,1,448969.47,-3902591.2,1,449183.12,-3902350.8
11_2_ìåäCìπê¸_ìåì˙ñ{ó∑ãqìSìπ,0,492977.2,-3923087.0,1,492991.28,-3923112.8,1,492998.38,-3923126.5,1,493020.34,-3923155.2,1,493041.84,-3923182.5,1,493074.53,-3923214.8,1,493097.75,-3923235.5,1,493190.34,-3923315.0
13_4_ç|çıê¸_î†ç™ìoéRìSìπ,0,436887.12,-3896470.5,1,436775.53,-3896425.8
12_4_Ç¢Ç∏Ç›ñÏê¸_ëäñÕìSìπ,0,475722.28,-3912549.5,1,475922.34,-3912614.2,1,475940.06,-3912622.0,1,475987.84,-3912653.8,1,476024.97,-3912683.5,1,476043.72,-3912702.2,1,476052.8,-3912711.5,1,476070.94,-3912730.2,1,476100.38,-3912765.5,1,476126.0,-3912803.5,1,476139.75,-3912826.2,1,476151.1,-3912850.5,1,476171.8,-3912897.2,1,476231.66,-3913036.2,1,476249.56,-3913078.0,1,476265.38,-3913107.2,1,476282.3,-3913134.8,1,476302.1,-3913164.5,1,476365.9,-3913256.2,1,476438.9,-3913358.0,1,476443.56,-3913364.2
11_2_ìåäCìπê¸_ìåì˙ñ{ó∑ãqìSìπ,0,487323.12,-3918128.2,1,487431.75,-3918254.2,1,487472.0,-3918298.0,1,487558.06,-3918376.8,1,487601.94,-3918407.2,1,487640.8,-3918434.2,1,487867.8,-3918589.8,1,488043.75,-3918710.8,1,488163.9,-3918787.8,1,488196.97,-3918807.8,1,488273.8,-3918866.2,1,488351.12,-3918945.5,1,488420.1,-3919022.8,1,488515.1,-3919148.5,1,488616.62,-3919283.8,1,488763.97,-3919476.2,1,488833.3,-3919570.5,1,488844.47,-3919582.8,1,488976.28,-3919760.0,1,488998.44,-3919790.2,1,489038.8,-3919844.2,1,489055.53,-3919866.8,1,489110.22,-3919926.5
12_4_ìåâ°ê¸_ìåãûã}çsìdìS,0,492122.66,-3931015.5,1,492098.03,-3930951.5,1,492063.97,-3930866.5,1,492057.25,-3930849.5,1,491995.5,-3930694.5,1,491945.56,-3930587.0,1,491901.06,-3930501.0,1,491866.66,-3930442.8,1,491850.88,-3930417.0,1,491834.28,-3930394.5,1,491781.38,-3930332.2,1,491768.22,-3930317.0,1,491760.88,-3930308.2,1,491747.1,-3930292.8,1,491736.66,-3930281.2,1,491646.28,-3930178.5,1,491628.78,-3930159.2,1,491567.34,-3930087.5,1,491530.06,-3930042.0,1,491511.1,-3930011.0,1,491499.38,-3929983.8,1,491491.0,-3929953.5,1,491482.1,-3929916.5
12_4_ñ{ê¸_ãûïlã}çsìdìS,0,492891.4,-3899539.5,1,492909.16,-3899540.5,1,492916.34,-3899540.8,1,493014.72,-3899527.2,1,493113.56,-3899517.2,1,493212.4,-3899495.2,1,493311.75,-3899456.5,1,493399.94,-3899415.8,1,493429.4,-3899403.2,1,493453.7,-3899393.5
11_2_å‰ìaèÍê¸_ìåäCó∑ãqìSìπ,0,445411.56,-3906896.5,1,445432.56,-3906882.5,1,445457.53,-3906862.5,1,445474.44,-3906849.0,1,445509.6,-3906817.0,1,445544.8,-3906779.5,1,445574.3,-3906742.5,1,445624.1,-3906668.5,1,445695.47,-3906551.2,1,445797.78,-3906381.8,1,445853.72,-3906287.0,1,445857.6,-3906280.5,1,445922.2,-3906172.2,1,445943.5,-3906134.8,1,445986.7,-3906061.2,1,446072.16,-3905917.0,1,446141.84,-3905789.0,1,446172.7,-3905752.0,1,446231.38,-3905688.0
12_3_1çÜê¸_â°ïlés,0,490210.34,-3917338.0,1,490400.9,-3917500.0,1,490485.4,-3917571.2,1,490512.66,-3917602.5,1,490531.94,-3917630.8,1,490545.12,-3917659.8,1,490551.12,-3917672.0,1,490554.22,-3917682.2,1,490554.7,-3917702.0,1,490552.28,-3917726.8,1,490549.2,-3917734.0,1,490540.12,-3917750.5,1,490525.0,-3917766.5,1,490504.7,-3917782.2
12_4_ñ{ê¸_ëäñÕìSìπ,0,468267.06,-3918673.0,1,468370.28,-3918778.2
12_4_Ç¢Ç∏Ç›ñÏê¸_ëäñÕìSìπ,0,480493.62,-3918553.2,1,480491.47,-3918570.5,1,480487.2,-3918604.8,1,480483.0,-3918639.2
11_2_ìÏïêê¸_ìåì˙ñ{ó∑ãqìSìπ,0,482827.62,-3938188.8,1,482714.12,-3938217.8
12_4_ëΩñÄê¸_è¨ìcã}ìdìS,0,478398.72,-3934901.5,1,478407.44,-3934908.2,1,478426.84,-3934927.8,1,478441.38,-3934940.2,1,478526.66,-3935024.8,1,478632.88,-3935126.0,1,478656.75,-3935150.0,1,478742.72,-3935232.8
11_2_íﬂå©ê¸_ìåì˙ñ{ó∑ãqìSìπ,0,494070.4,-3923881.0,1,494095.97,-3923869.0,1,494124.62,-3923854.2,1,494155.72,-3923841.8,1,494208.75,-3923822.0,1,494234.97,-3923812.0,1,494258.1,-3923804.0,1,494271.06,-3923798.8,1,494285.1,-3923791.5,1,494299.97,-3923781.0,1,494314.47,-3923769.8,1,494330.78,-3923756.5,1,494349.62,-3923737.0,1,494387.88,-3923692.0,1,494480.06,-3923575.5,1,494523.2,-3923522.0
11_2_ç™ä›ê¸_ìåì˙ñ{ó∑ãqìSìπ,0,490548.72,-3914552.5,1,490705.84,-3914594.0,1,490742.06,-3914604.2,1,490744.78,-3914605.0,1,490836.34,-3914630.0,1,490985.0,-3914670.2,1,491098.88,-3914710.8,1,491182.25,-3914749.5,1,491235.84,-3914780.5,1,491264.66,-3914801.2,1,491342.78,-3914866.8,1,491386.78,-3914921.2,1,491398.4,-3914935.8,1,491429.22,-3914970.2,1,491446.78,-3914992.5,1,491470.4,-3915043.0,1,491484.44,-3915088.8,1,491488.0,-3915100.5,1,491498.56,-3915136.0,1,491501.75,-3915162.2,1,491502.4,-3915169.5,1,491505.16,-3915203.8,1,491506.9,-3915225.8,1,491506.34,-3915291.8,1,491503.22,-3915350.0,1,491497.88,-3915376.8,1,491495.62,-3915388.0,1,491484.88,-3915438.5,1,491481.78,-3915448.8,1,491459.16,-3915524.0,1,491421.16,-3915630.8
12_4_ãvó¢ïlê¸_ãûïlã}çsìdìS,0,493825.6,-3891238.0,1,493936.03,-3891283.8
11_2_ìÏïêê¸_ìåì˙ñ{ó∑ãqìSìπ,0,488300.66,-3934675.8,1,488151.84,-3934815.5
11_2_â°ïlê¸_ìåì˙ñ{ó∑ãqìSìπ,0,468778.0,-3931359.2,1,468819.75,-3931332.0,1,468855.47,-3931308.8,1,468949.06,-3931248.0,1,469072.38,-3931166.8,1,469103.66,-3931146.5,1,469188.12,-3931091.8,1,469254.84,-3931049.2,1,469388.3,-3930964.8,1,469448.1,-3930925.0,1,469514.1,-3930884.2,1,469608.06,-3930825.2,1,469688.44,-3930770.8,1,469783.28,-3930710.8,1,469885.94,-3930643.8,1,469946.53,-3930604.8,1,470027.53,-3930552.5,1,470172.5,-3930458.2,1,470320.62,-3930362.8,1,470479.9,-3930260.8,1,470570.5,-3930202.2,1,470682.4,-3930132.8,1,470771.66,-3930073.2,1,470788.94,-3930062.0
11_2_ìÏïêê¸_ìåì˙ñ{ó∑ãqìSìπ,0,485407.0,-3936555.2,1,485284.75,-3936615.2
12_3_3çÜê¸_â°ïlés,0,488369.47,-3925569.2,1,488403.47,-3925409.5,1,488443.0,-3925268.5,1,488480.22,-3925169.2,1,488501.62,-3925105.8,1,488517.38,-3925070.2
12_4_ñ{ê¸_ãûïlã}çsìdìS,0,494999.94,-3925714.5,1,494920.16,-3925557.5,1,494849.06,-3925421.0,1,494823.75,-3925372.0,1,494762.9,-3925255.5,1,494711.25,-3925152.8,1,494686.94,-3925110.5,1,494663.25,-3925073.8,1,494637.38,-3925038.5,1,494607.78,-3925002.5,1,494528.66,-3924913.8,1,494426.94,-3924806.5,1,494330.75,-3924703.8,1,494264.3,-3924619.0
12_5_Ç›Ç»Ç∆Ç›ÇÁÇ¢ê¸_â°ïlçÇë¨ìSìπ,0,489503.38,-3919617.0,1,489651.44,-3919616.0
12_4_ëÂóYéRê¸_à…ì§î†ç™ìSìπ,0,444287.25,-3901780.8,1,444136.34,-3902006.8
24_5_ã‡ëÚÉVÅ[ÉTÉCÉhÉâÉCÉì_â°ïlêVìsésåí ,0,490446.8,-3906397.2,1,490390.12,-3906343.8
11_2_ìåäCìπê¸_ìåì˙ñ{ó∑ãqìSìπ,0,492722.56,-3922798.2,1,492775.38,-3922853.8,1,492805.62,-3922887.5,1,492851.66,-3922945.0,1,492913.12,-3923032.0,1,492941.44,-3923073.8
24_5_ã‡ëÚÉVÅ[ÉTÉCÉhÉâÉCÉì_â°ïlêVìsésåí ,0,491062.94,-3908910.0,1,491063.94,-3908987.2
11_2_å‰ìaèÍê¸_ìåäCó∑ãqìSìπ,0,439823.6,-3908603.5,1,440064.2,-3908645.5,1,440066.94,-3908645.8
12_4_Ç¢Ç∏Ç›ñÏê¸_ëäñÕìSìπ,0,476523.84,-3913470.8,1,476527.94,-3913476.0,1,476533.22,-3913483.2,1,476709.47,-3913726.8,1,476759.12,-3913795.8,1,476803.97,-3913861.0,1,476830.22,-3913901.8,1,476843.53,-3913925.0,1,476850.84,-3913942.2,1,476870.72,-3914001.8,1,476885.72,-3914051.8,1,476892.25,-3914080.0,1,476896.4,-3914105.0,1,476900.16,-3914158.8,1,476905.16,-3914233.5,1,476912.62,-3914375.0,1,476913.28,-3914381.5
24_5_ã‡ëÚÉVÅ[ÉTÉCÉhÉâÉCÉì_â°ïlêVìsésåí ,0,491126.84,-3908207.0,1,491119.78,-3908324.2,1,491113.47,-3908374.0,1,491102.62,-3908422.5,1,491088.12,-3908477.5,1,491074.56,-3908531.8,1,491068.16,-3908587.8,1,491065.3,-3908714.2,1,491064.6,-3908745.8,1,491064.6,-3908750.5,1,491062.94,-3908910.0
24_5_ã‡ëÚÉVÅ[ÉTÉCÉhÉâÉCÉì_â°ïlêVìsésåí ,0,491126.78,-3908130.8,1,491126.84,-3908207.0
12_4_ìSìπê¸_î†ç™ìoéRìSìπ,0,437136.2,-3896047.5,1,437204.12,-3896015.8
12_4_ìåâ°ê¸_ìåãûã}çsìdìS,0,489480.38,-3921049.2,1,489483.75,-3921064.5,1,489492.22,-3921096.8,1,489492.5,-3921097.8,1,489504.97,-3921131.8,1,489517.5,-3921154.2,1,489543.78,-3921192.2,1,489570.03,-3921224.5,1,489745.06,-3921413.0,1,489802.0,-3921478.2,1,489822.0,-3921503.2,1,489851.97,-3921545.0,1,489867.0,-3921576.0,1,489887.66,-3921634.0,1,489894.56,-3921662.0,1,489899.6,-3921698.0,1,489902.72,-3921732.8,1,489899.06,-3921779.5,1,489894.1,-3921811.2,1,489877.3,-3921896.2,1,489866.6,-3921949.2,1,489865.6,-3921953.8
12_4_ëΩñÄê¸_è¨ìcã}ìdìS,0,475531.6,-3936311.2,1,475501.88,-3936343.0,1,475482.03,-3936365.0,1,475453.3,-3936399.0
11_2_ìÏïêê¸_ìåì˙ñ{ó∑ãqìSìπ,0,494499.62,-3928101.2,1,494538.88,-3927983.2,1,494543.22,-3927971.5,1,494561.16,-3927923.0,1,494606.5,-3927805.2,1,494660.34,-3927668.8,1,494710.7,-3927545.2,1,494781.75,-3927359.0,1,494800.84,-3927309.0,1,494801.38,-3927307.5
12_4_è¨ìcå¥ê¸_è¨ìcã}ìdìS,0,446622.38,-3898785.5,1,446628.75,-3898709.0
12_4_è¨ìcå¥ê¸_è¨ìcã}ìdìS,0,457297.72,-3909898.5,1,457307.12,-3909909.8,1,457337.38,-3909948.8,1,457370.03,-3909996.0,1,457405.94,-3910055.5,1,457468.8,-3910158.5,1,457484.56,-3910184.8,1,457517.34,-3910238.0,1,457521.56,-3910246.2,1,457533.8,-3910266.0,1,457538.12,-3910274.0,1,457542.53,-3910281.0,1,457575.84,-3910336.0,1,457591.7,-3910362.5,1,457604.22,-3910382.0,1,457751.53,-3910625.0,1,457769.72,-3910650.2,1,457784.16,-3910667.8,1,457792.12,-3910679.8
12_4_ñ{ê¸_ãûïlã}çsìdìS,0,489144.0,-3906548.8,1,489135.22,-3906501.8,1,489122.16,-3906443.8
11_2_ìÏïêê¸_ìåì˙ñ{ó∑ãqìSìπ,0,496219.28,-3925813.2,1,496315.62,-3925734.0,1,496434.28,-3925635.8,1,496519.03,-3925565.8,1,496563.34,-3925530.0,1,496641.84,-3925466.8,1,496709.66,-3925410.0,1,496799.94,-3925336.2,1,496909.8,-3925246.2,1,496956.16,-3925207.2,1,496995.03,-3925182.5,1,497032.66,-3925161.5,1,497145.28,-3925111.2,1,497238.03,-3925070.2,1,497357.53,-3925020.0,1,497403.22,-3924998.0,1,497437.75,-3924981.8,1,497467.88,-3924971.0
24_5_ã‡ëÚÉVÅ[ÉTÉCÉhÉâÉCÉì_â°ïlêVìsésåí ,0,491711.2,-3906527.8,1,491711.06,-3906386.8,1,491711.0,-3906312.5,1,491705.7,-3906265.2,1,491691.03,-3906234.8,1,491673.2,-3906215.5,1,491647.9,-3906201.0,1,491599.66,-3906186.0,1,491451.78,-3906150.2,1,491393.4,-3906140.2,1,491319.0,-3906140.2,1,491010.75,-3906140.5,1,490969.88,-3906141.8,1,490947.88,-3906144.5,1,490929.06,-3906154.5,1,490911.28,-3906166.0,1,490886.12,-3906201.8
12_4_ñ{ê¸_ãûïlã}çsìdìS,0,492288.4,-3922427.2,1,492330.22,-3922451.0,1,492370.72,-3922474.2,1,492433.4,-3922512.5,1,492481.53,-3922546.5,1,492525.53,-3922578.8,1,492567.12,-3922614.0,1,492613.3,-3922653.2,1,492697.53,-3922726.5,1,492729.94,-3922756.5,1,492734.12,-3922760.2,1,492763.53,-3922791.0,1,492807.12,-3922834.5,1,492834.44,-3922864.0,1,492903.25,-3922936.5,1,492923.3,-3922958.2,1,493016.34,-3923048.0,1,493113.56,-3923147.2,1,493198.34,-3923238.8,1,493248.1,-3923292.5
11_2_íÜâõê¸_ìåì˙ñ{ó∑ãqìSìπ,0,443806.22,-3937276.5,1,443836.8,-3937272.5,1,443879.78,-3937263.2,1,443895.53,-3937262.5,1,443908.75,-3937261.5,1,443919.94,-3937259.2,1,443941.28,-3937252.5,1,443983.88,-3937242.2,1,444009.84,-3937237.0,1,444046.6,-3937236.8,1,444064.38,-3937237.2,1,444104.12,-3937239.5,1,444145.03,-3937246.2,1,444204.62,-3937260.5,1,444297.88,-3937286.8,1,444375.0,-3937309.8,1,444410.56,-3937316.2,1,444443.53,-3937319.5,1,444450.06,-3937320.2,1,444471.72,-3937322.5,1,444476.06,-3937322.5,1,444532.5,-3937323.2,1,444634.0,-3937317.8,1,444759.3,-3937315.5,1,444803.6,-3937315.8,1,444832.94,-3937314.5,1,444878.12,-3937313.8,1,444920.25,-3937313.0,1,445061.7,-3937298.2,1,445116.2,-3937293.0,1,445167.03,-3937283.5,1,445196.06,-3937277.5,1,445226.9,-3937271.2,1,445260.9,-3937261.0,1,445338.84,-3937224.5,1,445399.66,-3937187.0,1,445486.34,-3937117.5,1,445546.38,-3937068.5,1,445573.3,-3937048.0,1,445613.62,-3937021.0,1,445640.9,-3937006.8
11_2_ìåäCìπê¸_ìåì˙ñ{ó∑ãqìSìπ,0,495566.7,-3926864.2,1,495524.6,-3926818.2,1,495414.1,-3926703.5,1,495304.44,-3926595.0,1,495186.88,-3926476.0,1,495154.66,-3926442.2,1,495089.97,-3926375.0,1,495014.12,-3926301.5,1,494949.62,-3926233.5,1,494872.44,-3926152.2,1,494803.56,-3926081.5,1,494730.72,-3926008.0,1,494668.94,-3925944.5,1,494577.2,-3925839.2,1,494481.56,-3925734.2,1,494444.9,-3925692.0,1,494410.5,-3925644.0,1,494391.38,-3925617.5,1,494374.75,-3925589.8,1,494342.7,-3925524.8,1,494289.12,-3925418.5,1,494279.6,-3925400.0,1,494241.9,-3925313.0,1,494207.94,-3925226.2,1,494173.16,-3925140.0
12_4_ñ{ê¸_ãûïlã}çsìdìS,0,489835.06,-3908479.2,1,489849.28,-3908616.8,1,489871.44,-3908906.8,1,489875.66,-3908947.2,1,489869.03,-3909031.8
12_4_ñ{ê¸_ãûïlã}çsìdìS,0,493248.1,-3923292.5,1,493324.72,-3923372.0
11_2_ìåäCìπê¸_ìåì˙ñ{ó∑ãqìSìπ,0,481164.0,-3912970.2,1,481189.6,-3912866.0,1,481201.47,-3912819.5,1,481214.25,-3912771.0,1,481223.8,-3912733.8,1,481232.28,-3912700.5,1,481234.62,-3912690.5
11_2_ëäñÕê¸_ìåì˙ñ{ó∑ãqìSìπ,0,467800.34,-3909284.0,1,467774.97,-3909305.0,1,467736.75,-3909332.5,1,467700.78,-3909356.2,1,467628.78,-3909394.8,1,467561.5,-3909433.5,1,467508.47,-3909460.8,1,467463.3,-3909484.0,1,467429.56,-3909497.5,1,467392.62,-3909508.5,1,467366.75,-3909513.5,1,467331.62,-3909522.0,1,467315.94,-3909525.5,1,467265.6,-3909547.0,1,467227.88,-3909565.5,1,467191.88,-3909587.0,1,467166.53,-3909605.5,1,467127.4,-3909637.8,1,467105.75,-3909658.8,1,467082.25,-3909689.8,1,467063.94,-3909719.0,1,467047.25,-3909754.2,1,467020.03,-3909815.5,1,467010.7,-3909840.5,1,467003.22,-3909862.2,1,466997.97,-3909887.2,1,466991.47,-3909928.2,1,466985.47,-3909971.2,1,466983.78,-3910010.2,1,466986.2,-3910044.2,1,466993.78,-3910088.2,1,466999.28,-3910119.8,1,467028.84,-3910232.5,1,467074.16,-3910405.0,1,467128.88,-3910606.5,1,467145.47,-3910680.2,1,467151.34,-3910719.5,1,467153.66,-3910754.5,1,467153.3,-3910780.8,1,467152.2,-3910820.5
11_2_â°ê{âÍê¸_ìåì˙ñ{ó∑ãqìSìπ,0,492040.34,-3899997.2,1,492113.9,-3899974.0,1,492237.44,-3899941.0
11_2_ìÏïêê¸_ìåì˙ñ{ó∑ãqìSìπ,0,495503.22,-3926349.2,1,495563.88,-3926313.2,1,495611.53,-3926286.0,1,495658.75,-3926256.8,1,495708.44,-3926221.0,1,495715.88,-3926216.0,1,495749.3,-3926190.5,1,495798.88,-3926153.8,1,495908.28,-3926067.8,1,496051.94,-3925949.5,1,496146.84,-3925871.0
12_4_ëÂóYéRê¸_à…ì§î†ç™ìSìπ,0,446884.66,-3898471.8,1,446881.1,-3898497.2,1,446879.3,-3898518.8,1,446880.9,-3898608.5,1,446881.84,-3898641.5,1,446885.44,-3898667.0,1,446892.7,-3898692.8,1,446910.66,-3898733.2,1,446939.66,-3898792.0,1,446948.1,-3898815.5,1,446953.97,-3898841.0,1,446954.2,-3898876.8,1,446943.4,-3898914.2,1,446925.5,-3898950.5,1,446909.1,-3898975.0,1,446886.56,-3898993.0,1,446841.9,-3899027.5,1,446759.44,-3899094.0
12_3_1çÜê¸_â°ïlés,0,481190.47,-3912895.8,1,481166.56,-3912889.5,1,481132.22,-3912878.5,1,481072.97,-3912859.5,1,481030.34,-3912845.8,1,480977.38,-3912832.0,1,480921.25,-3912825.8,1,480872.4,-3912820.8,1,480843.34,-3912823.5,1,480782.7,-3912831.5,1,480675.78,-3912853.2,1,480654.9,-3912859.2,1,480502.34,-3912902.8,1,480450.47,-3912924.5,1,480410.03,-3912956.0,1,480378.97,-3912991.5,1,480342.75,-3913034.5,1,480318.9,-3913054.8,1,480169.9,-3913140.5,1,479955.16,-3913261.0,1,479879.44,-3913307.8,1,479847.34,-3913330.8,1,479805.84,-3913368.5
11_2_íﬂå©ê¸_ìåì˙ñ{ó∑ãqìSìπ,0,496344.78,-3922301.0,1,496384.06,-3922321.8,1,496397.03,-3922327.2,1,496425.06,-3922344.5,1,496438.94,-3922356.8,1,496448.94,-3922366.8,1,496459.47,-3922379.5,1,496468.0,-3922394.2,1,496477.25,-3922409.2,1,496482.5,-3922423.0,1,496487.88,-3922444.5,1,496488.7,-3922470.8,1,496486.8,-3922488.5,1,496482.2,-3922508.0,1,496472.94,-3922531.8,1,496285.3,-3922877.0
11_2_ìÏïêê¸_ìåì˙ñ{ó∑ãqìSìπ,0,487204.0,-3935322.2,1,487187.8,-3935335.0,1,487071.25,-3935414.0,1,486996.78,-3935466.8,1,486959.25,-3935501.0,1,486921.56,-3935544.8,1,486898.7,-3935583.8,1,486879.1,-3935621.2,1,486842.2,-3935718.0,1,486821.16,-3935768.2,1,486806.8,-3935794.2,1,486789.2,-3935823.0,1,486770.28,-3935844.5,1,486730.75,-3935879.8,1,486638.38,-3935948.0
12_4_ñ{ê¸_ëäñÕìSìπ,0,487341.0,-3918767.2,1,487464.16,-3918716.0
11_2_â°ïlê¸_ìåì˙ñ{ó∑ãqìSìπ,0,481598.6,-3925513.5,1,481277.84,-3925718.0,1,480773.2,-3926039.2,1,480753.47,-3926051.8,1,480687.1,-3926094.0,1,480315.12,-3926331.5,1,480182.94,-3926416.0,1,479984.28,-3926539.5,1,479937.3,-3926568.5,1,479861.34,-3926617.0,1,479746.72,-3926688.0,1,479687.12,-3926713.2,1,479679.6,-3926716.5
11_2_â°ê{âÍê¸_ìåì˙ñ{ó∑ãqìSìπ,0,482470.28,-3904865.5,1,482471.88,-3904892.5,1,482474.4,-3904973.8,1,482475.66,-3905053.8,1,482477.8,-3905097.5,1,482480.5,-3905207.8,1,482483.6,-3905261.8,1,482483.16,-3905275.0,1,482483.25,-3905317.5,1,482482.5,-3905355.2,1,482480.2,-3905379.5,1,482475.34,-3905408.8
11_1_ìåäCìπêVä≤ê¸_ìåäCó∑ãqìSìπ,0,486371.9,-3922320.8,1,486425.84,-3922355.2,1,486519.38,-3922416.0,1,486676.12,-3922537.8,1,486839.88,-3922682.8,1,486923.16,-3922761.5,1,486999.66,-3922834.0,1,487124.06,-3922952.2,1,487216.72,-3923049.2,1,487313.47,-3923151.8,1,487486.44,-3923333.8,1,487509.78,-3923357.8,1,487536.56,-3923386.0,1,487555.1,-3923407.2,1,487639.12,-3923493.5,1,487658.1,-3923515.8,1,487843.94,-3923711.5,1,487865.38,-3923734.2,1,487888.88,-3923757.0,1,488015.6,-3923889.5,1,488110.03,-3923987.5,1,488174.3,-3924052.2,1,488231.8,-3924104.0,1,488316.16,-3924183.5,1,488618.1,-3924477.5
11_2_ìÏïêê¸_ìåì˙ñ{ó∑ãqìSìπ,0,487320.1,-3935240.8,1,487204.0,-3935322.2
12_4_ñ{ê¸_ãûïlã}çsìdìS,0,488464.97,-3916858.8,1,488350.2,-3916836.2
12_4_ëÂóYéRê¸_à…ì§î†ç™ìSìπ,0,447006.38,-3897393.2,1,447031.3,-3897442.2,1,447032.12,-3897458.0,1,447031.97,-3897490.5,1,447023.12,-3897534.2,1,446995.2,-3897656.5,1,446957.28,-3897830.5,1,446954.0,-3897845.5,1,446950.28,-3897862.5,1,446930.28,-3897954.2,1,446917.1,-3898016.2,1,446911.7,-3898057.2,1,446908.72,-3898080.2,1,446907.06,-3898123.8,1,446896.56,-3898302.5,1,446893.75,-3898347.2,1,446888.44,-3898401.2
12_4_ç]Émìáê¸_è¨ìcã}ìdìS,0,475410.03,-3911040.8,1,475429.9,-3910962.0
12_3_3çÜê¸_â°ïlés,0,485181.0,-3929627.8,1,484885.22,-3928904.5
24_5_ã‡ëÚÉVÅ[ÉTÉCÉhÉâÉCÉì_â°ïlêVìsésåí ,0,489076.38,-3911160.8,1,489015.22,-3911218.8
11_2_ëäñÕê¸_ìåì˙ñ{ó∑ãqìSìπ,0,466937.53,-3915116.2,1,466942.06,-3915043.0
12_4_ñ{ê¸_ãûïlã}çsìdìS,0,489122.16,-3906443.8,1,489090.2,-3906312.5,1,489046.5,-3906109.0,1,489042.84,-3906093.0,1,489031.78,-3906044.0,1,489026.6,-3906021.5,1,489011.3,-3905954.5,1,488996.44,-3905886.2,1,488986.84,-3905840.0,1,488984.7,-3905808.2,1,488984.75,-3905763.2,1,488983.97,-3905722.8,1,488982.94,-3905485.5,1,488981.94,-3905345.2,1,488981.1,-3905229.8
12_4_ìSìπê¸_î†ç™ìoéRìSìπ,0,443531.0,-3895320.0,1,443495.1,-3895296.0,1,443435.06,-3895257.5,1,443396.34,-3895232.8,1,443373.7,-3895218.8,1,443359.78,-3895208.0,1,443357.12,-3895206.2,1,443347.34,-3895198.0,1,443333.97,-3895183.5,1,443312.44,-3895160.2,1,443286.22,-3895132.2,1,443260.3,-3895104.2,1,443241.56,-3895089.2,1,443223.38,-3895076.8,1,443198.44,-3895061.2,1,443155.7,-3895035.0,1,443120.94,-3895011.0,1,443094.25,-3894992.8,1,443076.53,-3894980.2,1,443027.28,-3894946.0,1,442999.5,-3894928.8,1,442998.12,-3894927.5,1,442975.16,-3894907.2,1,442959.78,-3894893.8,1,442953.66,-3894887.8,1,442941.06,-3894871.8,1,442926.94,-3894852.2,1,442909.4,-3894828.8,1,442881.7,-3894790.2,1,442847.72,-3894745.0,1,442807.8,-3894694.2,1,442790.3,-3894673.8,1,442765.62,-3894653.2,1,442752.88,-3894641.8,1,442722.8,-3894621.0,1,442702.28,-3894611.8,1,442688.06,-3894606.8,1,442679.66,-3894604.2,1,442636.53,-3894591.5,1,442610.75,-3894584.8,1,442588.88,-3894581.8,1,442565.4,-3894580.0,1,442538.2,-3894582.2,1,442512.2,-3894586.2,1,442485.75,-3894592.8,1,442455.03,-3894599.2,1,442437.97,-3894602.5,1,442401.84,-3894607.0,1,442375.84,-3894609.0,1,442344.0,-3894611.0,1,442321.25,-3894610.5,1,442298.7,-3894609.0,1,442270.8,-3894607.0,1,442245.22,-3894604.5,1,442193.75,-3894596.8,1,442158.4,-3894591.0,1,442142.12,-3894590.0,1,442093.94,-3894583.5,1,442074.2,-3894579.8,1,442040.2,-3894573.8,1,442031.62,-3894571.5
12_3_3çÜê¸_â°ïlés,0,484830.16,-3928774.0,1,484827.7,-3928768.0,1,484796.28,-3928691.2,1,484772.9,-3928638.5,1,484753.88,-3928593.2,1,484735.5,-3928547.8,1,484719.2,-3928498.8,1,484709.56,-3928446.0,1,484706.0,-3928380.0,1,484711.34,-3928326.5,1,484737.03,-3928238.8,1,484764.6,-3928179.2,1,484796.97,-3928134.2,1,484818.7,-3928107.2,1,484832.97,-3928096.0,1,484886.12,-3928062.0,1,484922.62,-3928043.8,1,484971.66,-3928026.8,1,485010.62,-3928017.0,1,485060.9,-3928008.8,1,485117.9,-3928001.5,1,485176.66,-3927991.2,1,485193.78,-3927989.0,1,485350.56,-3927967.5,1,485440.28,-3927953.0,1,485623.44,-3927911.2,1,485724.8,-3927882.8,1,485827.03,-3927854.2,1,486166.9,-3927749.0
11_2_ìåäCìπê¸_ìåì˙ñ{ó∑ãqìSìπ,0,493190.34,-3923315.0,1,493276.75,-3923383.5
11_2_ç™ä›ê¸_ìåì˙ñ{ó∑ãqìSìπ,0,489899.44,-3918500.5,1,490049.88,-3918332.8
12_4_ìSìπê¸_î†ç™ìoéRìSìπ,0,445724.22,-3895821.0,1,445796.5,-3895800.2
11_2_ç™ä›ê¸_ìåì˙ñ{ó∑ãqìSìπ,0,480908.3,-3907609.8,1,480889.38,-3907543.5
11_2_ìåäCìπê¸_ìåì˙ñ{ó∑ãqìSìπ,0,445792.44,-3895245.8,1,445813.56,-3895307.2,1,445830.56,-3895349.5,1,445840.44,-3895375.2,1,445854.28,-3895405.8,1,445873.28,-3895445.8,1,445898.12,-3895493.0,1,445919.12,-3895534.2,1,445947.2,-3895590.0,1,445973.44,-3895642.5,1,445997.7,-3895693.5,1,446026.53,-3895754.8,1,446050.1,-3895800.2,1,446064.56,-3895830.0,1,446093.25,-3895880.2,1,446114.22,-3895918.5,1,446122.03,-3895933.5,1,446144.3,-3895975.0,1,446165.0,-3896012.8,1,446187.44,-3896053.5,1,446242.53,-3896149.0,1,446313.84,-3896287.0,1,446368.2,-3896395.2,1,446468.94,-3896570.0,1,446505.53,-3896635.0,1,446547.88,-3896704.2,1,446649.72,-3896878.0
12_4_è¨ìcå¥ê¸_è¨ìcã}ìdìS,0,480592.28,-3936530.2,1,480770.2,-3936506.8
12_4_ñ{ê¸_ãûïlã}çsìdìS,0,489386.03,-3903520.0,1,489398.9,-3903502.8,1,489413.4,-3903467.5,1,489418.75,-3903441.2,1,489426.62,-3903404.0,1,489432.12,-3903365.8
11_2_ìåäCìπê¸_ìåì˙ñ{ó∑ãqìSìπ,0,489280.0,-3920166.0,1,489301.53,-3920195.5,1,489340.34,-3920250.8,1,489446.4,-3920402.2,1,489503.9,-3920479.8,1,489605.25,-3920625.5,1,489693.6,-3920752.2,1,489756.47,-3920842.8,1,489825.16,-3920934.2,1,489889.75,-3921020.2,1,489939.2,-3921085.5,1,490042.12,-3921220.5,1,490139.16,-3921349.0,1,490293.88,-3921551.5,1,490420.5,-3921717.0,1,490429.3,-3921728.8,1,490444.84,-3921747.5,1,490517.16,-3921832.8,1,490547.38,-3921863.0,1,490619.66,-3921913.2,1,490655.06,-3921934.8,1,490705.7,-3921960.2,1,490744.25,-3921974.8,1,490837.72,-3922010.0,1,491017.97,-3922078.2,1,491093.38,-3922106.0,1,491116.7,-3922115.0,1,491183.56,-3922139.2,1,491253.25,-3922163.5,1,491281.03,-3922171.5,1,491368.12,-3922185.5,1,491441.3,-3922197.2,1,491530.3,-3922210.5,1,491548.75,-3922212.5,1,491598.72,-3922214.8,1,491633.9,-3922216.2,1,491647.44,-3922217.2,1,491686.1,-3922219.0,1,491721.8,-3922221.5,1,491757.28,-3922225.8,1,491830.16,-3922243.2,1,491883.6,-3922260.0,1,491918.62,-3922275.0,1,491974.97,-3922299.0,1,491983.97,-3922303.8
12_4_ìcâÄìsésê¸_ìåãûã}çsìdìS,0,478486.53,-3927757.0,1,478456.44,-3927726.0,1,478433.34,-3927702.2,1,478349.34,-3927608.0,1,478278.1,-3927531.0,1,478202.22,-3927453.2,1,478165.78,-3927425.5,1,478108.6,-3927393.5,1,478040.62,-3927371.5,1,477920.75,-3927363.5,1,477828.94,-3927362.5,1,477699.0,-3927364.0
12_3_1çÜê¸_â°ïlés,0,490078.56,-3917261.5,1,490098.72,-3917272.0,1,490151.84,-3917302.8,1,490210.34,-3917338.0
12_4_ìSìπê¸_î†ç™ìoéRìSìπ,0,439297.97,-3895158.8,1,439234.8,-3895198.2
11_2_å‰ìaèÍê¸_ìåäCó∑ãqìSìπ,0,451266.88,-3899982.8,1,451314.2,-3899935.8,1,451369.3,-3899888.8,1,451400.56,-3899862.2,1,451419.56,-3899846.2,1,451445.38,-3899826.8,1,451487.5,-3899795.0,1,451526.4,-3899773.8,1,451573.3,-3899754.2,1,451633.97,-3899734.8,1,451678.94,-3899726.2,1,451708.66,-3899723.8,1,451749.22,-3899720.8
11_2_ìåäCìπê¸_ìåì˙ñ{ó∑ãqìSìπ,0,461216.16,-3903160.8,1,461103.03,-3903073.2,1,460954.2,-3902960.2
12_3_3çÜê¸_â°ïlés,0,487800.66,-3922777.0,1,487840.75,-3922834.2,1,487898.8,-3922913.2,1,487931.5,-3922955.5,1,487968.75,-3922999.0,1,488009.38,-3923041.8,1,488055.94,-3923078.5,1,488109.75,-3923101.8,1,488157.84,-3923114.0,1,488269.5,-3923125.2,1,488274.78,-3923125.5,1,488322.03,-3923127.0,1,488449.94,-3923137.2,1,488499.56,-3923148.8,1,488551.38,-3923172.0,1,488569.44,-3923180.5,1,488591.7,-3923195.5,1,488625.0,-3923223.0,1,488640.34,-3923238.2,1,488658.44,-3923275.0
12_4_ñ{ê¸_ëäñÕìSìπ,0,485460.03,-3920158.8,1,485561.97,-3920070.0,1,485621.97,-3920024.2,1,485633.56,-3920015.5,1,485645.34,-3920006.5,1,485692.72,-3919970.2,1,485899.03,-3919838.8
12_4_è¨ìcå¥ê¸_è¨ìcã}ìdìS,0,466979.0,-3917573.5,1,467028.97,-3917587.8,1,467049.97,-3917593.5
11_2_íﬂå©ê¸_ìåì˙ñ{ó∑ãqìSìπ,0,494058.34,-3924726.2,1,494050.6,-3924664.5
14_4_ç]ÇÃìáê¸_è√ìÏÉÇÉmÉåÅ[Éã,0,480905.2,-3907457.8,1,480889.38,-3907376.2,1,480888.2,-3907333.0,1,480899.28,-3907289.5,1,480921.44,-3907240.8,1,480949.25,-3907194.5,1,480965.97,-3907152.8,1,480982.56,-3907101.2,1,480988.12,-3907068.5,1,480986.88,-3907033.2,1,480980.2,-3907008.8,1,480962.25,-3906990.0,1,480911.9,-3906950.8,1,480872.78,-3906919.5,1,480848.2,-3906891.0,1,480806.8,-3906837.0,1,480756.16,-3906772.5
12_4_ñ{ê¸_ãûïlã}çsìdìS,0,491873.88,-3899605.0,1,491922.66,-3899575.0,1,491950.12,-3899558.8,1,491970.38,-3899547.8
12_4_ìSìπê¸_î†ç™ìoéRìSìπ,0,436946.28,-3896499.5,1,436954.3,-3896465.8
12_3_1çÜê¸_â°ïlés,0,482671.7,-3913042.2,1,482619.72,-3913029.8,1,482545.97,-3913012.2,1,482509.53,-3912998.5,1,482442.38,-3912937.5,1,482370.62,-3912873.0,1,482344.6,-3912854.2,1,482296.75,-3912808.8,1,482275.56,-3912793.2,1,482252.0,-3912776.0,1,482211.47,-3912752.0,1,482162.56,-3912730.8,1,482113.78,-3912723.2,1,482059.75,-3912725.8,1,481965.28,-3912743.8,1,481837.9,-3912768.2,1,481704.0,-3912787.5,1,481662.44,-3912797.8,1,481609.56,-3912820.5,1,481529.62,-3912853.5,1,481472.56,-3912875.2,1,481421.75,-3912893.0,1,481373.9,-3912900.5,1,481313.06,-3912907.0
12_4_ìcâÄìsésê¸_ìåãûã}çsìdìS,0,488081.62,-3934798.2,1,488094.03,-3934809.2,1,488116.62,-3934828.2,1,488143.56,-3934850.2,1,488182.1,-3934878.5,1,488213.62,-3934897.5,1,488223.34,-3934902.5
24_5_ã‡ëÚÉVÅ[ÉTÉCÉhÉâÉCÉì_â°ïlêVìsésåí ,0,491565.1,-3907234.8,1,491567.84,-3907159.5
12_3_1çÜê¸_â°ïlés,0,481313.06,-3912907.0,1,481266.3,-3912905.8,1,481238.25,-3912902.2,1,481190.47,-3912895.8
12_4_Ç¢Ç∏Ç›ñÏê¸_ëäñÕìSìπ,0,476443.56,-3913364.2,1,476523.84,-3913470.8
11_2_â°ïlê¸_ìåì˙ñ{ó∑ãqìSìπ,0,481742.94,-3925420.5,1,481736.6,-3925424.5,1,481667.12,-3925469.2,1,481598.6,-3925513.5
12_4_ç]ÉmìáìdìSê¸_ç]ÉmìáìdìS,0,480056.97,-3902209.5,1,480008.88,-3902208.0,1,479977.16,-3902207.2,1,479952.78,-3902202.5,1,479951.6,-3902202.2,1,479928.12,-3902194.0,1,479897.1,-3902179.8,1,479879.78,-3902172.2,1,479829.44,-3902171.5,1,479783.88,-3902174.0,1,479728.7,-3902172.5,1,479688.6,-3902174.2,1,479663.78,-3902177.0,1,479622.72,-3902186.5,1,479607.53,-3902188.0,1,479586.2,-3902190.8,1,479558.56,-3902194.0,1,479530.9,-3902189.2,1,479510.9,-3902185.0,1,479499.16,-3902186.8,1,479460.56,-3902197.8,1,479328.84,-3902246.5,1,479240.66,-3902279.5,1,479198.6,-3902294.5,1,479160.62,-3902312.2,1,479132.38,-3902324.0,1,479113.75,-3902335.0,1,479100.72,-3902347.5,1,479093.28,-3902359.5,1,479085.03,-3902371.2,1,479077.44,-3902387.2,1,479071.28,-3902402.5,1,479063.7,-3902417.5,1,479055.44,-3902430.0,1,479046.53,-3902436.8,1,479041.28,-3902440.0,1,479012.84,-3902443.5,1,479004.38,-3902442.5,1,478996.2,-3902442.0,1,478989.2,-3902437.8
11_2_ëäñÕê¸_ìåì˙ñ{ó∑ãqìSìπ,0,467788.5,-3923132.0,1,467806.4,-3923018.0
12_4_ìSìπê¸_î†ç™ìoéRìSìπ,0,444266.28,-3895932.0,1,444339.44,-3895946.5
12_4_ëÂóYéRê¸_à…ì§î†ç™ìSìπ,0,444731.16,-3901070.5,1,444716.7,-3901085.2,1,444705.4,-3901100.0,1,444643.12,-3901203.8,1,444549.16,-3901362.5,1,444454.38,-3901518.5,1,444390.56,-3901626.2,1,444327.16,-3901723.8
12_4_ìcâÄìsésê¸_ìåãûã}çsìdìS,0,482987.9,-3931474.0,1,482981.84,-3931435.8,1,482974.78,-3931393.5
12_4_ëÂóYéRê¸_à…ì§î†ç™ìSìπ,0,446759.44,-3899094.0,1,446688.12,-3899150.5
12_4_è¨ìcå¥ê¸_è¨ìcã}ìdìS,0,471190.5,-3925658.2,1,471080.12,-3925505.0
12_4_ëäñÕå¥ê¸_ãûâ§ìdìS,0,464038.97,-3934355.8,1,463887.6,-3934468.8
12_4_ç]ÉmìáìdìSê¸_ç]ÉmìáìdìS,0,480106.62,-3902211.2,1,480056.97,-3902209.5
12_4_è¨ìcå¥ê¸_è¨ìcã}ìdìS,0,446365.12,-3900262.8,1,446439.72,-3900174.8
24_5_ã‡ëÚÉVÅ[ÉTÉCÉhÉâÉCÉì_â°ïlêVìsésåí ,0,491327.06,-3907619.8,1,491240.75,-3907619.8,1,491213.5,-3907626.5,1,491191.7,-3907636.2,1,491171.72,-3907654.0,1,491155.4,-3907677.2,1,491144.53,-3907704.8,1,491140.03,-3907749.0,1,491126.78,-3908130.8
12_4_ìcâÄìsésê¸_ìåãûã}çsìdìS,0,489311.7,-3935748.2,1,489314.3,-3935750.8,1,489330.1,-3935766.8,1,489346.6,-3935787.2,1,489371.8,-3935821.8,1,489457.84,-3935947.8,1,489504.1,-3936015.5,1,489507.2,-3936020.0
24_5_ã‡ëÚÉVÅ[ÉTÉCÉhÉâÉCÉì_â°ïlêVìsésåí ,0,491126.84,-3908207.0,1,491119.78,-3908324.2,1,491113.47,-3908374.0,1,491102.62,-3908422.5,1,491088.12,-3908477.5,1,491074.56,-3908531.8,1,491068.16,-3908587.8,1,491065.3,-3908714.2,1,491064.6,-3908745.8,1,491064.6,-3908750.5,1,491062.94,-3908910.0
12_4_è¨ìcå¥ê¸_è¨ìcã}ìdìS,0,469025.66,-3921686.2,1,469025.8,-3921673.0,1,469025.9,-3921652.8,1,469026.3,-3921614.8,1,469029.34,-3921540.2,1,469032.12,-3921478.2,1,469032.88,-3921437.5,1,469033.0,-3921397.2,1,469032.38,-3921375.8,1,469028.84,-3921322.2,1,469024.1,-3921231.0,1,469014.38,-3921122.2,1,469009.6,-3921051.0,1,469003.97,-3920980.5,1,469002.84,-3920965.5,1,469002.2,-3920956.2,1,469001.22,-3920943.8,1,468997.6,-3920893.5,1,468990.7,-3920812.5,1,468985.84,-3920725.0,1,468985.1,-3920714.8,1,468984.53,-3920708.0,1,468980.56,-3920659.2,1,468973.06,-3920569.5,1,468965.4,-3920454.5,1,468958.72,-3920360.2,1,468957.3,-3920340.2,1,468956.53,-3920331.2,1,468950.84,-3920255.0,1,468947.97,-3920214.2,1,468947.03,-3920202.2,1,468935.0,-3920034.8,1,468934.62,-3920028.8,1,468933.66,-3920016.2,1,468927.06,-3919917.5,1,468923.88,-3919882.2,1,468920.8,-3919845.0,1,468919.88,-3919832.2,1,468917.94,-3919799.8,1,468915.53,-3919761.2,1,468910.97,-3919725.0,1,468905.53,-3919698.5,1,468898.56,-3919676.0,1,468894.5,-3919663.5,1,468887.47,-3919643.8,1,468879.88,-3919627.8,1,468879.06,-3919626.0,1,468876.12,-3919619.2,1,468871.0,-3919608.8,1,468865.72,-3919598.2,1,468830.62,-3919528.8,1,468805.12,-3919481.5,1,468801.03,-3919473.0,1,468788.06,-3919449.0,1,468755.72,-3919388.2,1,468723.56,-3919325.8,1,468668.5,-3919224.0,1,468645.28,-3919177.5,1,468626.25,-3919137.8,1,468611.75,-3919111.2,1,468594.66,-3919080.2,1,468583.53,-3919063.5,1,468575.88,-3919051.5,1,468560.53,-3919029.2,1,468552.53,-3919017.8,1,468539.47,-3918999.2,1,468498.38,-3918950.5,1,468434.25,-3918881.5,1,468358.3,-3918810.0,1,468281.2,-3918737.2
11_2_ìÏïêê¸_ìåì˙ñ{ó∑ãqìSìπ,0,489943.5,-3933423.8,1,489715.44,-3933543.2
11_2_íﬂå©ê¸_ìåì˙ñ{ó∑ãqìSìπ,0,496329.25,-3923783.0,1,496395.8,-3923814.0
12_4_ëäñÕå¥ê¸_ãûâ§ìdìS,0,475736.0,-3937032.5,1,475899.97,-3937018.8,1,475972.84,-3937014.2,1,476024.56,-3937011.2,1,476072.72,-3937012.8,1,476090.22,-3937012.5,1,476133.4,-3937018.8,1,476149.72,-3937020.2,1,476179.1,-3937026.5,1,476207.1,-3937033.0,1,476240.06,-3937041.0,1,476285.94,-3937054.5,1,476356.44,-3937079.2,1,476385.0,-3937091.2,1,476423.47,-3937110.5,1,476437.6,-3937118.0,1,476477.16,-3937139.2,1,476506.44,-3937156.5,1,476526.12,-3937171.5,1,476567.34,-3937205.0,1,476628.16,-3937259.2,1,476675.56,-3937309.2,1,476728.44,-3937371.2,1,476752.75,-3937398.0,1,476770.56,-3937421.8,1,476913.97,-3937613.5,1,476945.3,-3937652.5,1,476974.84,-3937690.8,1,476989.75,-3937710.2,1,477112.84,-3937869.2,1,477125.38,-3937884.5,1,477275.47,-3938075.5,1,477346.97,-3938164.0,1,477361.12,-3938183.5,1,477392.12,-3938223.5,1,477432.53,-3938275.8,1,477457.06,-3938307.5,1,477550.8,-3938429.2,1,477657.62,-3938562.5,1,477665.53,-3938571.5,1,477689.97,-3938599.2,1,477717.12,-3938628.5,1,477758.56,-3938663.5,1,477803.66,-3938697.8,1,477856.9,-3938738.5,1,477869.62,-3938748.0,1,477889.22,-3938764.0,1,477916.44,-3938786.0,1,477936.38,-3938799.2,1,477963.3,-3938817.2,1,478008.75,-3938844.0,1,478025.4,-3938851.8,1,478051.16,-3938862.8,1,478062.03,-3938865.8
12_4_ç]Émìáê¸_è¨ìcã}ìdìS,0,473045.4,-3924671.5,1,473042.28,-3924810.8
12_4_ìcâÄìsésê¸_ìåãûã}çsìdìS,0,482765.53,-3930263.2,1,482754.9,-3930250.8,1,482704.7,-3930190.5,1,482690.25,-3930178.2,1,482675.1,-3930165.2,1,482669.1,-3930161.5,1,482400.34,-3930000.2,1,482153.6,-3929849.8,1,482114.66,-3929811.8,1,482015.56,-3929712.5,1,481904.56,-3929550.2
11_2_å‰ìaèÍê¸_ìåäCó∑ãqìSìπ,0,446231.38,-3905688.0,1,446266.78,-3905648.2,1,446301.8,-3905608.8,1,446385.75,-3905514.0
11_2_â°ïlê¸_ìåì˙ñ{ó∑ãqìSìπ,0,487071.0,-3924822.5,1,487004.03,-3924859.0,1,486882.72,-3924921.5,1,486785.84,-3924971.2,1,486708.1,-3925006.2,1,486691.06,-3925013.0,1,486574.84,-3925030.8,1,486495.4,-3925048.5,1,486417.44,-3925061.0,1,486231.5,-3925092.0,1,486101.16,-3925113.2,1,486025.1,-3925130.2,1,485831.56,-3925178.0,1,485783.16,-3925190.2,1,485627.8,-3925229.2,1,485487.56,-3925263.8,1,485459.94,-3925267.0,1,485381.03,-3925265.8,1,485351.38,-3925259.8,1,485247.97,-3925239.8,1,484982.2,-3925188.0,1,484775.9,-3925147.0,1,484485.72,-3925089.5,1,484262.47,-3925044.2
13_4_ëÂéRç|çıê¸_ëÂéRäœåıìdìS,0,454878.97,-3915966.8,1,454873.53,-3915969.0,1,454870.9,-3915970.2,1,454829.7,-3915989.8,1,454725.97,-3916065.5,1,454605.38,-3916152.2
24_5_ã‡ëÚÉVÅ[ÉTÉCÉhÉâÉCÉì_â°ïlêVìsésåí ,0,490077.9,-3905864.2,1,490072.38,-3905789.2
24_5_ã‡ëÚÉVÅ[ÉTÉCÉhÉâÉCÉì_â°ïlêVìsésåí ,0,491711.2,-3906527.8,1,491711.06,-3906386.8,1,491711.0,-3906312.5,1,491705.7,-3906265.2,1,491691.03,-3906234.8,1,491673.2,-3906215.5,1,491647.9,-3906201.0,1,491599.66,-3906186.0,1,491451.78,-3906150.2,1,491393.4,-3906140.2,1,491319.0,-3906140.2,1,491010.75,-3906140.5,1,490969.88,-3906141.8,1,490947.88,-3906144.5,1,490929.06,-3906154.5,1,490911.28,-3906166.0,1,490886.12,-3906201.8
12_4_ëÂóYéRê¸_à…ì§î†ç™ìSìπ,0,446888.44,-3898401.2,1,446884.66,-3898471.8
12_5_Ç›Ç»Ç∆Ç›ÇÁÇ¢ê¸_â°ïlçÇë¨ìSìπ,0,489165.8,-3920064.2,1,489121.56,-3920002.2,1,489102.28,-3919972.5,1,489093.72,-3919944.8,1,489095.22,-3919915.2,1,489112.97,-3919870.8,1,489196.75,-3919758.5,1,489227.47,-3919724.8,1,489265.8,-3919687.5,1,489292.28,-3919667.8,1,489322.84,-3919652.0,1,489372.44,-3919637.2,1,489422.88,-3919627.2,1,489460.1,-3919622.0,1,489503.38,-3919617.0
12_4_ìSìπê¸_î†ç™ìoéRìSìπ,0,439297.97,-3895158.8,1,439234.8,-3895198.2
11_2_ìåäCìπê¸_ìåì˙ñ{ó∑ãqìSìπ,0,492941.44,-3923073.8,1,492966.97,-3923114.8,1,493000.22,-3923163.2,1,493053.94,-3923227.2,1,493076.56,-3923247.8,1,493104.3,-3923266.5,1,493190.34,-3923315.0
11_2_íﬂå©ê¸_ìåì˙ñ{ó∑ãqìSìπ,0,496872.22,-3924043.0,1,496887.62,-3924051.0,1,496904.25,-3924060.0,1,496927.62,-3924073.0,1,496939.16,-3924080.2,1,496953.5,-3924089.2,1,496962.2,-3924095.2,1,496972.28,-3924103.8,1,496983.16,-3924113.8,1,497006.28,-3924134.5,1,497026.25,-3924154.0,1,497050.2,-3924176.5,1,497065.16,-3924196.8,1,497097.12,-3924285.5,1,497157.38,-3924447.8,1,497159.3,-3924476.5,1,497159.3,-3924521.2,1,497162.4,-3924567.2,1,497166.6,-3924593.8,1,497175.5,-3924624.0,1,497189.47,-3924653.8,1,497216.97,-3924701.8,1,497239.28,-3924741.5,1,497269.4,-3924770.0,1,497306.78,-3924804.5,1,497350.4,-3924835.0,1,497381.06,-3924854.0,1,497436.8,-3924870.2
12_4_ñ{ê¸_ëäñÕìSìπ,0,472709.16,-3920613.0,1,472818.78,-3920588.8
12_4_ìcâÄìsésê¸_ìåãûã}çsìdìS,0,483527.72,-3932411.2,1,483463.44,-3932398.5,1,483425.0,-3932383.0,1,483368.22,-3932354.8
12_4_ç]Émìáê¸_è¨ìcã}ìdìS,0,476559.22,-3902721.0,1,476454.38,-3902818.0
11_1_ìåäCìπêVä≤ê¸_ìåäCó∑ãqìSìπ,0,446542.2,-3896895.0,1,446736.1,-3897159.2
11_2_íﬂå©ê¸_ìåì˙ñ{ó∑ãqìSìπ,0,495834.1,-3923519.8,1,495785.22,-3923521.0
12_4_ãvó¢ïlê¸_ãûïlã}çsìdìS,0,492984.06,-3890402.0,1,493087.8,-3890501.2
11_2_ç™ä›ê¸_ìåì˙ñ{ó∑ãqìSìπ,0,489143.5,-3919917.2,1,489151.4,-3919930.5,1,489185.78,-3919993.0,1,489293.7,-3920153.8
11_2_ìÏïêê¸_ìåì˙ñ{ó∑ãqìSìπ,0,486638.38,-3935948.0,1,486502.12,-3936044.0
11_2_ìÏïêê¸_ìåì˙ñ{ó∑ãqìSìπ,0,497467.88,-3924971.0,1,497530.88,-3924956.2
12_4_ñ{ê¸_ãûïlã}çsìdìS,0,491000.4,-3900247.5,1,491020.6,-3900245.5,1,491029.84,-3900245.0,1,491059.5,-3900239.5,1,491091.03,-3900232.5
12_4_ëÂóYéRê¸_à…ì§î†ç™ìSìπ,0,444101.28,-3902056.5,1,444057.94,-3902120.2,1,444047.47,-3902133.5,1,444040.75,-3902147.0,1,444036.38,-3902162.5,1,444035.66,-3902193.8,1,444034.22,-3902268.8,1,444034.12,-3902531.8,1,444034.16,-3902634.8,1,444034.2,-3902730.5,1,444027.66,-3902817.0,1,444020.1,-3902889.0,1,444007.97,-3902942.0,1,443987.7,-3903002.2,1,443943.38,-3903095.5,1,443734.9,-3903487.8,1,443721.53,-3903512.2,1,443717.0,-3903517.8,1,443683.8,-3903545.0,1,443646.06,-3903572.2,1,443612.38,-3903590.5,1,443566.9,-3903604.8,1,443442.25,-3903631.2,1,443393.34,-3903643.0
11_2_ç™ä›ê¸_ìåì˙ñ{ó∑ãqìSìπ,0,490339.03,-3914488.5,1,490302.88,-3914480.0,1,490251.47,-3914458.2,1,490200.06,-3914431.2,1,490016.47,-3914319.0,1,489991.66,-3914303.2,1,489876.53,-3914231.8,1,489660.12,-3914101.2,1,489547.56,-3914028.8,1,489505.84,-3913995.0,1,489468.28,-3913944.5,1,489315.44,-3913692.2,1,489243.56,-3913566.0,1,489143.47,-3913388.2,1,489082.12,-3913278.2,1,489082.03,-3913278.0,1,489063.3,-3913243.0,1,489000.78,-3913126.8,1,488898.03,-3912934.5
12_4_ìSìπê¸_î†ç™ìoéRìSìπ,0,441123.03,-3894651.0,1,441072.44,-3894664.8
11_2_ìåäCìπê¸_ìåì˙ñ{ó∑ãqìSìπ,0,487323.12,-3918128.2,1,487431.75,-3918254.2,1,487472.0,-3918298.0,1,487558.06,-3918376.8,1,487601.94,-3918407.2,1,487640.8,-3918434.2,1,487867.8,-3918589.8,1,488043.75,-3918710.8,1,488163.9,-3918787.8,1,488196.97,-3918807.8,1,488273.8,-3918866.2,1,488351.12,-3918945.5,1,488420.1,-3919022.8,1,488515.1,-3919148.5,1,488616.62,-3919283.8,1,488763.97,-3919476.2,1,488833.3,-3919570.5,1,488844.47,-3919582.8,1,488976.28,-3919760.0,1,488998.44,-3919790.2,1,489038.8,-3919844.2,1,489055.53,-3919866.8,1,489110.22,-3919926.5
12_4_è¨ìcå¥ê¸_è¨ìcã}ìdìS,0,476581.03,-3933055.2,1,476684.75,-3933080.0,1,476732.16,-3933091.5,1,476829.0,-3933117.2,1,476972.4,-3933151.2,1,476989.2,-3933155.8,1,476999.7,-3933158.8,1,477007.7,-3933161.0,1,477093.8,-3933184.8,1,477266.88,-3933227.5,1,477299.6,-3933238.5,1,477364.9,-3933264.2,1,477421.5,-3933292.8,1,477518.84,-3933339.8,1,477593.22,-3933378.8,1,477616.9,-3933394.0,1,477646.7,-3933413.2,1,477673.2,-3933434.2,1,477701.88,-3933457.0,1,477737.28,-3933489.2,1,477764.72,-3933517.8,1,477794.16,-3933557.5,1,477811.53,-3933580.2,1,477844.44,-3933622.5,1,477872.72,-3933669.8
12_4_ñ{ê¸_ãûïlã}çsìdìS,0,493324.72,-3923372.0,1,493433.8,-3923483.8,1,493545.28,-3923601.0,1,493757.47,-3923820.0
12_4_ç]Émìáê¸_è¨ìcã}ìdìS,0,473045.4,-3924671.5,1,473042.28,-3924810.8
12_4_ìcâÄìsésê¸_ìåãûã}çsìdìS,0,485696.44,-3933233.8,1,485609.53,-3933224.0,1,485586.6,-3933220.0,1,485564.4,-3933216.2,1,485538.22,-3933209.5,1,485520.2,-3933204.8
12_4_ñ{ê¸_ãûïlã}çsìdìS,0,490876.47,-3921829.2,1,490901.97,-3921851.5,1,490924.6,-3921869.2,1,491062.12,-3921984.0,1,491073.94,-3921992.8,1,491120.22,-3922031.0,1,491163.25,-3922062.2,1,491200.38,-3922087.5
12_4_ìSìπê¸_î†ç™ìoéRìSìπ,0,439389.44,-3894834.5,1,439378.03,-3894856.0,1,439372.75,-3894871.2,1,439367.78,-3894891.8,1,439367.34,-3894907.0,1,439368.22,-3894916.2,1,439369.94,-3894927.0,1,439372.9,-3894935.8,1,439377.8,-3894949.0,1,439387.16,-3894970.0,1,439394.56,-3894989.5,1,439401.16,-3895006.2,1,439406.62,-3895021.0,1,439409.66,-3895038.8,1,439408.5,-3895058.0,1,439405.9,-3895077.8,1,439404.3,-3895086.8
11_2_ìÏïêê¸_ìåì˙ñ{ó∑ãqìSìπ,0,493618.38,-3930557.8,1,493646.56,-3930466.5
24_5_ã‡ëÚÉVÅ[ÉTÉCÉhÉâÉCÉì_â°ïlêVìsésåí ,0,491126.78,-3908130.8,1,491126.84,-3908207.0
11_2_å‰ìaèÍê¸_ìåäCó∑ãqìSìπ,0,442452.56,-3908241.2,1,442569.12,-3908127.0,1,442585.03,-3908111.5,1,442630.03,-3908073.5,1,442646.5,-3908061.2,1,442680.88,-3908036.0,1,442731.2,-3908005.2,1,442852.6,-3907950.5,1,442955.94,-3907911.2,1,443080.38,-3907863.8,1,443182.8,-3907824.2,1,443402.75,-3907743.5,1,443709.28,-3907633.0,1,443932.22,-3907550.8,1,444134.72,-3907473.8,1,444226.34,-3907434.5,1,444305.8,-3907398.8,1,444441.75,-3907337.8,1,444703.56,-3907219.2,1,444858.22,-3907146.5,1,444876.8,-3907139.5,1,445008.12,-3907080.2,1,445217.72,-3906985.5,1,445221.53,-3906984.0
12_4_è¨ìcå¥ê¸_è¨ìcã}ìdìS,0,445366.4,-3906837.8,1,445466.7,-3906889.5
11_2_ìÏïêê¸_ìåì˙ñ{ó∑ãqìSìπ,0,484434.84,-3937204.2,1,484388.5,-3937221.8,1,484260.34,-3937251.8,1,484120.47,-3937280.8,1,484004.34,-3937313.0,1,483925.9,-3937348.2,1,483879.75,-3937373.0,1,483796.0,-3937434.0,1,483709.12,-3937513.2,1,483667.12,-3937560.8,1,483611.38,-3937634.2,1,483609.94,-3937636.2,1,483481.5,-3937823.8,1,483454.78,-3937863.8,1,483389.2,-3937940.5,1,483345.72,-3937980.8,1,483283.6,-3938029.0,1,483226.25,-3938059.5,1,483174.94,-3938079.5,1,483068.72,-3938118.8,1,482827.62,-3938188.8
12_4_è¨ìcå¥ê¸_è¨ìcã}ìdìS,0,445561.7,-3903086.0,1,445571.62,-3903016.5
12_4_ëÂétê¸_ãûïlã}çsìdìS,0,498162.88,-3927729.0,1,498084.2,-3927723.8
11_2_ëäñÕê¸_ìåì˙ñ{ó∑ãqìSìπ,0,467875.88,-3909216.2,1,467800.34,-3909284.0
11_2_â°ê{âÍê¸_ìåì˙ñ{ó∑ãqìSìπ,0,492040.34,-3899997.2,1,492113.9,-3899974.0,1,492237.44,-3899941.0
12_4_è¨ìcå¥ê¸_è¨ìcã}ìdìS,0,445244.62,-3906774.8,1,445366.4,-3906837.8
11_2_ç™ä›ê¸_ìåì˙ñ{ó∑ãqìSìπ,0,482528.9,-3909198.8,1,482521.44,-3909197.0,1,482481.53,-3909186.5,1,482473.53,-3909184.5,1,482436.56,-3909174.5,1,482427.72,-3909172.2,1,482393.56,-3909163.5,1,482318.5,-3909144.2,1,482272.7,-3909140.0,1,482224.72,-3909136.8,1,482192.03,-3909137.5,1,482137.97,-3909145.8,1,482116.8,-3909150.2,1,482089.12,-3909158.2,1,482058.34,-3909167.5,1,482005.34,-3909184.8,1,481996.0,-3909187.8,1,481961.75,-3909199.0,1,481774.66,-3909253.5,1,481680.88,-3909285.5,1,481616.4,-3909307.2,1,481605.72,-3909310.5,1,481537.53,-3909327.2,1,481479.78,-3909337.8,1,481401.03,-3909342.5,1,481338.34,-3909342.5,1,481289.2,-3909338.2,1,481252.28,-3909330.8,1,481225.75,-3909323.8,1,481200.66,-3909315.5,1,481169.94,-3909303.0,1,481127.53,-3909281.2,1,481081.97,-3909253.0,1,481040.12,-3909223.0,1,480999.44,-3909184.5,1,480957.53,-3909133.8,1,480928.38,-3909088.2,1,480894.72,-3909026.8,1,480883.5,-3909000.8,1,480856.2,-3908937.2,1,480826.88,-3908858.5,1,480812.16,-3908822.2,1,480807.22,-3908808.0,1,480778.34,-3908723.5,1,480763.4,-3908665.5,1,480753.47,-3908605.5,1,480745.94,-3908522.5,1,480748.25,-3908470.0,1,480755.53,-3908428.2,1,480768.97,-3908386.5,1,480795.94,-3908329.5,1,480837.56,-3908260.8,1,480917.25,-3908136.5,1,480950.3,-3908081.0,1,480968.8,-3908032.5,1,480983.4,-3907963.5,1,480985.75,-3907917.2,1,480978.94,-3907876.5
11_2_ëäñÕê¸_ìåì˙ñ{ó∑ãqìSìπ,0,465705.62,-3930282.5,1,465697.06,-3930297.0,1,465687.97,-3930310.5,1,465617.03,-3930412.5,1,465538.2,-3930506.8,1,465454.72,-3930601.8,1,465403.72,-3930654.2,1,465377.9,-3930682.8,1,465349.47,-3930710.0,1,465318.6,-3930738.0,1,465280.4,-3930774.2,1,465220.84,-3930817.0,1,465170.75,-3930849.5,1,465144.53,-3930865.0,1,465111.62,-3930884.2,1,465062.72,-3930913.2,1,465035.78,-3930928.0,1,465008.5,-3930955.0,1,464968.38,-3931008.0,1,464914.84,-3931104.2,1,464860.38,-3931215.5,1,464799.38,-3931333.2,1,464765.22,-3931398.5,1,464730.6,-3931470.2,1,464711.75,-3931512.2,1,464700.84,-3931574.2,1,464704.0,-3931681.2,1,464705.75,-3931713.2,1,464718.72,-3931944.8,1,464731.4,-3932194.8,1,464739.34,-3932326.8,1,464745.28,-3932449.0,1,464751.1,-3932571.2,1,464756.56,-3932689.0,1,464757.72,-3932708.2
24_5_ã‡ëÚÉVÅ[ÉTÉCÉhÉâÉCÉì_â°ïlêVìsésåí ,0,490886.12,-3906201.8,1,490844.22,-3906266.8
12_4_Ç¢Ç∏Ç›ñÏê¸_ëäñÕìSìπ,0,474922.44,-3912358.0,1,475089.88,-3912405.8
12_4_Ç±Ç«Ç‡ÇÃçëê¸_ìåãûã}çsìdìS,0,476926.9,-3930212.8,1,476908.38,-3930299.0
12_4_è¨ìcå¥ê¸_è¨ìcã}ìdìS,0,471190.5,-3925658.2,1,471080.12,-3925505.0
12_3_1çÜê¸_â°ïlés,0,479805.84,-3913368.5,1,479800.94,-3913373.0,1,479709.16,-3913454.0
11_2_íÜâõê¸_ìåì˙ñ{ó∑ãqìSìπ,0,446628.16,-3936788.0,1,446633.94,-3936787.8,1,446659.9,-3936782.5,1,446985.2,-3936732.0,1,447179.9,-3936697.2
12_4_ñ{ê¸_ãûïlã}çsìdìS,0,491970.38,-3899547.8,1,491988.66,-3899542.5,1,492008.75,-3899537.8,1,492027.94,-3899534.2,1,492043.75,-3899532.5,1,492213.38,-3899529.5,1,492450.53,-3899523.5,1,492510.1,-3899524.8,1,492722.72,-3899530.2,1,492768.8,-3899533.8
11_2_ç™ä›ê¸_ìåì˙ñ{ó∑ãqìSìπ,0,482528.9,-3909198.8,1,482521.44,-3909197.0,1,482481.53,-3909186.5,1,482473.53,-3909184.5,1,482436.56,-3909174.5,1,482427.72,-3909172.2,1,482393.56,-3909163.5,1,482318.5,-3909144.2,1,482272.7,-3909140.0,1,482224.72,-3909136.8,1,482192.03,-3909137.5,1,482137.97,-3909145.8,1,482116.8,-3909150.2,1,482089.12,-3909158.2,1,482058.34,-3909167.5,1,482005.34,-3909184.8,1,481996.0,-3909187.8,1,481961.75,-3909199.0,1,481774.66,-3909253.5,1,481680.88,-3909285.5,1,481616.4,-3909307.2,1,481605.72,-3909310.5,1,481537.53,-3909327.2,1,481479.78,-3909337.8,1,481401.03,-3909342.5,1,481338.34,-3909342.5,1,481289.2,-3909338.2,1,481252.28,-3909330.8,1,481225.75,-3909323.8,1,481200.66,-3909315.5,1,481169.94,-3909303.0,1,481127.53,-3909281.2,1,481081.97,-3909253.0,1,481040.12,-3909223.0,1,480999.44,-3909184.5,1,480957.53,-3909133.8,1,480928.38,-3909088.2,1,480894.72,-3909026.8,1,480883.5,-3909000.8,1,480856.2,-3908937.2,1,480826.88,-3908858.5,1,480812.16,-3908822.2,1,480807.22,-3908808.0,1,480778.34,-3908723.5,1,480763.4,-3908665.5,1,480753.47,-3908605.5,1,480745.94,-3908522.5,1,480748.25,-3908470.0,1,480755.53,-3908428.2,1,480768.97,-3908386.5,1,480795.94,-3908329.5,1,480837.56,-3908260.8,1,480917.25,-3908136.5,1,480950.3,-3908081.0,1,480968.8,-3908032.5,1,480983.4,-3907963.5,1,480985.75,-3907917.2,1,480978.94,-3907876.5
12_4_ñ{ê¸_ãûïlã}çsìdìS,0,495499.34,-3926393.2,1,495450.44,-3926330.5
12_4_ëÂóYéRê¸_à…ì§î†ç™ìSìπ,0,446780.0,-3897017.5,1,446815.84,-3897078.5
24_5_ã‡ëÚÉVÅ[ÉTÉCÉhÉâÉCÉì_â°ïlêVìsésåí ,0,490077.9,-3905864.2,1,490072.38,-3905789.2
12_3_3çÜê¸_â°ïlés,0,489034.44,-3919912.0,1,489017.62,-3919956.0,1,489002.78,-3920000.2,1,488987.22,-3920042.0,1,488969.6,-3920083.2
12_4_ñ{ê¸_ãûïlã}çsìdìS,0,495747.56,-3897436.2,1,495886.88,-3897364.8
11_2_â°ïlê¸_ìåì˙ñ{ó∑ãqìSìπ,0,479679.6,-3926716.5,1,479660.7,-3926723.8,1,479628.97,-3926735.8,1,479547.06,-3926766.8
11_2_ëäñÕê¸_ìåì˙ñ{ó∑ãqìSìπ,0,467806.4,-3923018.0,1,467823.6,-3922900.5,1,467829.44,-3922862.2,1,467845.56,-3922754.5,1,467848.12,-3922737.5,1,467860.34,-3922656.2,1,467884.3,-3922511.5,1,467898.9,-3922431.5,1,467908.16,-3922379.0,1,467914.88,-3922353.5,1,467920.88,-3922335.2,1,467930.56,-3922305.5,1,467956.25,-3922255.5,1,467997.84,-3922193.2,1,468025.88,-3922149.0,1,468036.5,-3922127.2,1,468054.25,-3922089.2,1,468084.5,-3922004.5,1,468123.1,-3921912.2,1,468210.7,-3921693.2,1,468280.47,-3921518.8
12_4_ç]ÉmìáìdìSê¸_ç]ÉmìáìdìS,0,476720.7,-3904730.2,1,476718.06,-3904696.2,1,476712.44,-3904666.8,1,476699.25,-3904622.0,1,476674.6,-3904550.5,1,476647.6,-3904475.5,1,476632.62,-3904444.0,1,476606.97,-3904411.5,1,476590.12,-3904388.8,1,476577.5,-3904358.8,1,476536.66,-3904242.2,1,476497.1,-3904132.8
14_4_ç]ÇÃìáê¸_è√ìÏÉÇÉmÉåÅ[Éã,0,480756.16,-3906772.5,1,480710.22,-3906713.0
12_4_êÄéqê¸_ãûïlã}çsìdìS,0,488983.8,-3905084.5,1,488981.1,-3905229.8
24_5_ã‡ëÚÉVÅ[ÉTÉCÉhÉâÉCÉì_â°ïlêVìsésåí ,0,490936.7,-3910274.5,1,490897.12,-3910318.0,1,490862.28,-3910349.0,1,490825.53,-3910375.5,1,490793.5,-3910395.0,1,490745.47,-3910416.8,1,490611.9,-3910462.5,1,490213.28,-3910568.2
12_5_Ç›Ç»Ç∆Ç›ÇÁÇ¢ê¸_â°ïlçÇë¨ìSìπ,0,490549.1,-3918255.5,1,490960.4,-3918001.0
12_4_ëΩñÄê¸_è¨ìcã}ìdìS,0,475453.3,-3936399.0,1,475448.62,-3936405.0,1,475339.2,-3936526.8,1,475316.1,-3936552.2,1,475220.75,-3936658.5,1,475169.47,-3936718.5,1,475064.38,-3936835.5,1,475040.44,-3936860.8
11_2_â°ê{âÍê¸_ìåì˙ñ{ó∑ãqìSìπ,0,487368.97,-3901573.2,1,487444.22,-3901564.8,1,487498.3,-3901558.2,1,487529.94,-3901552.8,1,487657.12,-3901535.8,1,487756.47,-3901523.0,1,487880.75,-3901506.0,1,487966.66,-3901493.5,1,488003.75,-3901488.5,1,488032.75,-3901485.2,1,488137.47,-3901469.2,1,488170.34,-3901461.8,1,488189.34,-3901458.5,1,488206.62,-3901453.5,1,488243.97,-3901444.5,1,488311.3,-3901423.0,1,488376.84,-3901401.2,1,488434.75,-3901379.2,1,488487.9,-3901355.8,1,488544.4,-3901325.5,1,488626.8,-3901271.5,1,488671.22,-3901239.2,1,488732.28,-3901193.5,1,488851.56,-3901108.8,1,488966.3,-3901043.8,1,488984.94,-3901034.5,1,489046.28,-3901005.0,1,489080.8,-3900989.2,1,489102.88,-3900979.0,1,489120.06,-3900972.2,1,489128.53,-3900972.2,1,489135.78,-3900972.8,1,489193.6,-3900956.8,1,489228.16,-3900947.2,1,489304.03,-3900924.2,1,489348.5,-3900912.2,1,489354.66,-3900911.0,1,489402.22,-3900906.0,1,489456.3,-3900901.0,1,489489.78,-3900903.8,1,489590.16,-3900914.5,1,489729.12,-3900935.0,1,489893.62,-3900958.8,1,490033.12,-3900976.8,1,490047.7,-3900977.8,1,490078.97,-3900981.0,1,490095.53,-3900982.2,1,490143.25,-3900983.2,1,490201.25,-3900978.0,1,490239.44,-3900972.0,1,490276.1,-3900966.2,1,490328.0,-3900957.5,1,490368.25,-3900952.8,1,490472.2,-3900936.2,1,490501.2,-3900932.0
12_3_3çÜê¸_â°ïlés,0,485247.7,-3929789.8,1,485272.28,-3929855.0,1,485287.28,-3929892.8,1,485292.88,-3929921.2,1,485293.3,-3929964.2,1,485294.28,-3930014.5,1,485292.1,-3930058.8,1,485280.22,-3930109.0,1,485263.1,-3930163.5,1,485240.25,-3930212.0,1,485215.75,-3930249.0,1,485187.25,-3930281.8,1,485168.25,-3930297.8,1,485140.53,-3930316.5,1,485111.75,-3930334.2,1,485078.06,-3930352.8,1,485052.34,-3930364.8,1,484967.78,-3930404.5,1,484948.22,-3930416.2,1,484895.9,-3930448.2,1,484847.1,-3930476.5,1,484802.56,-3930506.0,1,484758.84,-3930534.2,1,484683.2,-3930601.2,1,484608.44,-3930664.5,1,484493.06,-3930763.8
13_4_ç|çıê¸_î†ç™ìoéRìSìπ,0,436887.12,-3896470.5,1,436775.53,-3896425.8
12_4_ìåâ°ê¸_ìåãûã}çsìdìS,0,490312.16,-3927850.5,1,490295.97,-3927823.5,1,490287.0,-3927807.5,1,490277.72,-3927783.5,1,490267.44,-3927744.8,1,490263.5,-3927718.2,1,490258.47,-3927675.5,1,490256.25,-3927646.5,1,490257.16,-3927458.5,1,490256.6,-3927440.2,1,490253.72,-3927396.5,1,490249.78,-3927369.5,1,490244.16,-3927348.5,1,490235.78,-3927326.0,1,490225.78,-3927304.2,1,490221.16,-3927295.0,1,490196.8,-3927247.0,1,490147.1,-3927146.2,1,490107.6,-3927065.0,1,490088.03,-3927015.8,1,490070.75,-3926963.2,1,489992.03,-3926711.0,1,489932.25,-3926511.2,1,489903.22,-3926427.5,1,489888.75,-3926357.8
12_4_ñ{ê¸_ëäñÕìSìπ,0,474676.97,-3920523.2,1,475081.66,-3920504.8,1,475174.75,-3920500.5,1,475319.7,-3920491.5,1,475463.12,-3920488.5,1,475603.03,-3920488.2,1,475691.25,-3920493.0,1,475775.2,-3920500.0,1,475789.06,-3920501.2,1,475800.5,-3920502.0,1,475812.47,-3920503.2,1,475929.2,-3920515.0,1,475958.3,-3920517.5,1,476062.78,-3920527.8,1,476147.9,-3920536.2,1,476208.53,-3920543.8,1,476262.06,-3920549.2,1,476328.97,-3920556.5,1,476347.0,-3920558.2,1,476415.0,-3920565.0,1,476482.78,-3920571.8
13_4_ç|çıê¸_î†ç™ìoéRìSìπ,0,436253.28,-3896210.0,1,436189.5,-3896181.5
11_2_å‰ìaèÍê¸_ìåäCó∑ãqìSìπ,0,451749.22,-3899720.8,1,451762.56,-3899721.2,1,451790.6,-3899723.8,1,451858.94,-3899731.8,1,451924.84,-3899739.2
12_4_è¨ìcå¥ê¸_è¨ìcã}ìdìS,0,444499.22,-3906034.8,1,444501.1,-3906017.5,1,444510.1,-3905984.5,1,444531.25,-3905926.2,1,444592.22,-3905772.8,1,444619.4,-3905704.2,1,444793.22,-3905252.0,1,444949.5,-3904841.0
12_4_ñ{ê¸_ëäñÕìSìπ,0,476563.38,-3920578.2,1,476617.72,-3920583.2,1,476673.62,-3920587.5,1,476695.7,-3920588.8,1,476704.12,-3920589.0,1,476736.88,-3920589.8,1,476844.56,-3920592.0,1,476951.53,-3920591.5,1,476978.22,-3920591.5,1,477057.78,-3920590.5,1,477070.47,-3920590.5,1,477201.84,-3920589.0,1,477214.9,-3920588.8,1,477299.38,-3920588.2,1,477320.97,-3920588.0,1,477414.3,-3920588.0,1,477505.22,-3920588.2,1,477602.4,-3920585.0,1,477654.2,-3920581.8,1,477678.22,-3920577.2,1,477706.78,-3920569.5,1,477748.4,-3920558.8,1,477760.0,-3920555.2,1,477777.7,-3920549.2,1,477812.22,-3920534.0,1,477877.0,-3920504.5,1,478024.34,-3920427.8,1,478082.88,-3920400.8,1,478177.4,-3920357.5,1,478242.56,-3920324.8
12_4_ñ{ê¸_ãûïlã}çsìdìS,0,495499.34,-3926393.2,1,495450.44,-3926330.5
11_2_ìåäCìπê¸_ìåì˙ñ{ó∑ãqìSìπ,0,481360.2,-3914129.2,1,481412.94,-3914204.2,1,481478.06,-3914270.8,1,481528.47,-3914313.2,1,481569.03,-3914344.8,1,481621.47,-3914378.2,1,481698.56,-3914430.2,1,481872.38,-3914545.0,1,482009.38,-3914630.8,1,482182.72,-3914739.5,1,482332.53,-3914838.0,1,482411.72,-3914889.2,1,482557.25,-3914983.0,1,482687.22,-3915059.2,1,482758.38,-3915107.5,1,482794.38,-3915131.8,1,482893.4,-3915210.8,1,482952.44,-3915274.2,1,482999.78,-3915339.8,1,483037.8,-3915398.2,1,483076.8,-3915473.8,1,483107.38,-3915557.8,1,483169.38,-3915736.2,1,483204.25,-3915845.2,1,483212.66,-3915879.0,1,483222.06,-3915957.2
12_4_ìcâÄìsésê¸_ìåãûã}çsìdìS,0,487755.84,-3934243.0,1,487784.72,-3934288.2,1,487808.25,-3934336.8,1,487825.78,-3934380.0,1,487834.34,-3934416.0,1,487853.44,-3934471.8,1,487861.25,-3934486.5,1,487917.0,-3934582.8,1,487928.72,-3934604.0,1,487980.1,-3934679.0,1,488010.94,-3934721.2,1,488048.88,-3934764.0,1,488069.2,-3934784.8,1,488081.62,-3934798.2
12_4_ìSìπê¸_î†ç™ìoéRìSìπ,0,443593.6,-3895361.2,1,443633.06,-3895387.8,1,443661.66,-3895406.0,1,443706.53,-3895438.8,1,443757.2,-3895476.0,1,443809.94,-3895516.0,1,443876.88,-3895569.8,1,443936.9,-3895626.0,1,443961.62,-3895651.0,1,443995.47,-3895692.2,1,444017.53,-3895714.2,1,444039.7,-3895736.0,1,444062.56,-3895756.5,1,444121.97,-3895812.0,1,444179.16,-3895866.5,1,444204.5,-3895887.5,1,444228.56,-3895907.8,1,444266.28,-3895932.0
12_4_Ç¢Ç∏Ç›ñÏê¸_ëäñÕìSìπ,0,474922.44,-3912358.0,1,475089.88,-3912405.8
11_2_ìåäCìπê¸_ìåì˙ñ{ó∑ãqìSìπ,0,455825.56,-3901615.2,1,455715.2,-3901560.8,1,455651.4,-3901532.8,1,455514.97,-3901488.0,1,455485.56,-3901478.0,1,455364.22,-3901435.2,1,455239.34,-3901391.8,1,455125.6,-3901351.8,1,455035.12,-3901320.0,1,454825.3,-3901254.5,1,454754.06,-3901229.0,1,454677.9,-3901198.2,1,454537.44,-3901132.8,1,454154.1,-3900955.5,1,454153.0,-3900954.8,1,454026.03,-3900897.0,1,453971.97,-3900871.0,1,453966.06,-3900868.2,1,453952.47,-3900861.8,1,453847.66,-3900813.2,1,453731.53,-3900747.0,1,453610.88,-3900660.2,1,453440.47,-3900517.2,1,453259.88,-3900366.2,1,453146.72,-3900270.5,1,453042.4,-3900182.2,1,452904.78,-3900088.8,1,452519.62,-3899898.5,1,452399.72,-3899840.0,1,452347.34,-3899822.8,1,452316.66,-3899816.2
11_2_ìÏïêê¸_ìåì˙ñ{ó∑ãqìSìπ,0,485407.0,-3936555.2,1,485284.75,-3936615.2
12_4_ìSìπê¸_î†ç™ìoéRìSìπ,0,439297.97,-3895158.8,1,439320.34,-3895144.8,1,439346.53,-3895126.8,1,439369.84,-3895113.0,1,439388.3,-3895100.0,1,439399.0,-3895091.5,1,439404.3,-3895086.8
12_3_1çÜê¸_â°ïlés,0,488916.03,-3916701.2,1,489010.28,-3916732.8,1,489067.78,-3916750.8,1,489147.6,-3916779.8,1,489273.72,-3916835.8,1,489275.0,-3916836.5,1,489281.2,-3916839.5,1,489384.88,-3916889.2
11_2_ìÏïêê¸_ìåì˙ñ{ó∑ãqìSìπ,0,489943.5,-3933423.8,1,489715.44,-3933543.2
11_2_ìÏïêê¸_ìåì˙ñ{ó∑ãqìSìπ,0,496219.28,-3925813.2,1,496315.62,-3925734.0,1,496434.28,-3925635.8,1,496519.03,-3925565.8,1,496563.34,-3925530.0,1,496641.84,-3925466.8,1,496709.66,-3925410.0,1,496799.94,-3925336.2,1,496909.8,-3925246.2,1,496956.16,-3925207.2,1,496995.03,-3925182.5,1,497032.66,-3925161.5,1,497145.28,-3925111.2,1,497238.03,-3925070.2,1,497357.53,-3925020.0,1,497403.22,-3924998.0,1,497437.75,-3924981.8,1,497467.88,-3924971.0
12_4_ìcâÄìsésê¸_ìåãûã}çsìdìS,0,486281.7,-3933407.0,1,486350.7,-3933444.5,1,486462.5,-3933505.0
11_2_ëäñÕê¸_ìåì˙ñ{ó∑ãqìSìπ,0,468978.34,-3907976.5,1,468963.38,-3908062.5
11_2_ç™ä›ê¸_ìåì˙ñ{ó∑ãqìSìπ,0,491421.16,-3915630.8,1,491352.34,-3915827.8
11_2_â°ê{âÍê¸_ìåì˙ñ{ó∑ãqìSìπ,0,496358.97,-3894210.8,1,496335.06,-3894287.2,1,496279.25,-3894438.5
11_1_ìåäCìπêVä≤ê¸_ìåäCó∑ãqìSìπ,0,488943.75,-3924790.5,1,489157.47,-3924999.0,1,489296.3,-3925137.0,1,489364.12,-3925206.5,1,489471.78,-3925314.0,1,489568.94,-3925411.5,1,489674.16,-3925526.2,1,489735.9,-3925600.5,1,489806.28,-3925694.2,1,489833.2,-3925734.2,1,489887.03,-3925814.8,1,489979.4,-3925960.0,1,490076.6,-3926120.2,1,490102.12,-3926164.5,1,490120.56,-3926193.5,1,490245.28,-3926389.2,1,490328.94,-3926534.5,1,490429.22,-3926713.0,1,490562.38,-3926937.5,1,490725.5,-3927207.8,1,490855.2,-3927426.8,1,490941.72,-3927570.2,1,490998.84,-3927665.0,1,491188.25,-3927982.5,1,491316.38,-3928194.8,1,491454.1,-3928427.2,1,491460.38,-3928438.0,1,491623.9,-3928740.8,1,491724.7,-3928927.0,1,491777.0,-3929028.8,1,491829.47,-3929126.2,1,491950.06,-3929351.8,1,491996.9,-3929437.8,1,492062.28,-3929562.2,1,492170.47,-3929760.2,1,492202.78,-3929819.2,1,492260.16,-3929923.8,1,492270.16,-3929949.8,1,492288.03,-3929982.8,1,492436.1,-3930253.5,1,492497.9,-3930356.2,1,492585.0,-3930483.5,1,492663.38,-3930584.5,1,492725.97,-3930666.2,1,492793.84,-3930762.0,1,492828.7,-3930819.0,1,492829.25,-3930820.0,1,492872.97,-3930900.8,1,492913.9,-3930985.5,1,492940.88,-3931041.0,1,492963.22,-3931100.5,1,492984.72,-3931154.8,1,493005.2,-3931218.2,1,493019.2,-3931277.0,1,493029.1,-3931340.5,1,493037.66,-3931402.2,1,493040.12,-3931433.8,1,493042.16,-3931467.0,1,493037.78,-3931529.0,1,493034.25,-3931567.2,1,493029.84,-3931594.0,1,493021.34,-3931628.5,1,493014.4,-3931653.2,1,492997.06,-3931716.5,1,492982.5,-3931768.8,1,492980.7,-3931775.2,1,492948.0,-3931896.2,1,492932.1,-3931959.2,1,492916.2,-3932020.5,1,492910.5,-3932057.2,1,492909.25,-3932070.0,1,492908.28,-3932084.5,1,492906.3,-3932117.2,1,492906.88,-3932145.8,1,492911.34,-3932184.2,1,492915.88,-3932211.0,1,492921.34,-3932242.2,1,492923.34,-3932251.2,1,492925.34,-3932261.5,1,492932.8,-3932287.8,1,492945.78,-3932326.2,1,492958.22,-3932357.2,1,492986.62,-3932413.2,1,493000.5,-3932434.5,1,493016.03,-3932456.2,1,493033.16,-3932480.0,1,493064.8,-3932512.8,1,493090.2,-3932538.8,1,493117.03,-3932562.2,1,493153.84,-3932588.2,1,493189.2,-3932607.2,1,493220.47,-3932624.0,1,493259.72,-3932642.2,1,493314.2,-3932665.5,1,493361.66,-3932684.2,1,493390.84,-3932696.0,1,493545.38,-3932765.2,1,493588.88,-3932783.8,1,493731.44,-3932844.2,1,493801.6,-3932873.2,1,493952.3,-3932937.0,1,493964.62,-3932942.2,1,494040.94,-3932973.8,1,494125.22,-3933007.8,1,494244.84,-3933055.5,1,494266.4,-3933064.0,1,494356.12,-3933096.2,1,494471.38,-3933134.2,1,494569.88,-3933169.5,1,494653.25,-3933198.0,1,494732.8,-3933227.5,1,494941.06,-3933298.2,1,495088.03,-3933350.0,1,495191.78,-3933386.8,1,495201.84,-3933390.5,1,495323.9,-3933435.5,1,495359.06,-3933448.5,1,495371.2,-3933453.0,1,495446.4,-3933481.2,1,495461.9,-3933487.0,1,495489.9,-3933497.5,1,495504.56,-3933503.0,1,495574.62,-3933529.2,1,495597.0,-3933537.5,1,495626.62,-3933547.8,1,495647.56,-3933555.2,1,495851.78,-3933627.0,1,495896.62,-3933642.2,1,495912.6,-3933647.8,1,495935.16,-3933655.5,1,495952.38,-3933661.2,1,496013.16,-3933682.0,1,496026.3,-3933686.5,1,496044.4,-3933692.5,1,496065.25,-3933699.8,1,496089.1,-3933707.8,1,496230.25,-3933755.8,1,496290.78,-3933776.5,1,496322.75,-3933787.5,1,496350.22,-3933796.8,1,496384.2,-3933808.5,1,496442.8,-3933828.2,1,496472.8,-3933838.5,1,496557.7,-3933865.8,1,496588.22,-3933875.8,1,496682.44,-3933907.8,1,496699.12,-3933913.8,1,496713.53,-3933918.8,1,496778.5,-3933940.8,1,496798.7,-3933947.5,1,496822.34,-3933955.5,1,496940.03,-3933996.0,1,496969.75,-3934006.2,1,497041.7,-3934031.0,1,497477.9,-3934181.2,1,497619.7,-3934229.8,1,497715.72,-3934266.2,1,497755.5,-3934286.5,1,497790.94,-3934306.2,1,497828.06,-3934334.2,1,497863.94,-3934365.2,1,497894.56,-3934391.8,1,497952.66,-3934453.2,1,497984.38,-3934492.0,1,498017.72,-3934537.5,1,498027.6,-3934557.2,1,498056.4,-3934624.0,1,498162.8,-3934918.5,1,498177.7,-3934960.0,1,498246.1,-3935150.8,1,498286.88,-3935267.2,1,498353.3,-3935457.2,1,498390.84,-3935556.5,1,498433.16,-3935646.2,1,498473.0,-3935720.0,1,498511.44,-3935781.2,1,498561.7,-3935857.0,1,498583.72,-3935888.0,1,498619.3,-3935945.2,1,498644.4,-3935981.2,1,498671.06,-3936035.2,1,498730.84,-3936156.0,1,498736.2,-3936166.8,1,498877.7,-3936450.5,1,498896.62,-3936486.8,1,498910.22,-3936508.8,1,498919.62,-3936521.2,1,498930.4,-3936536.8,1,498942.0,-3936550.8,1,498957.66,-3936568.2,1,498966.62,-3936577.8,1,498977.7,-3936588.2,1,498989.66,-3936598.2,1,499003.88,-3936609.2,1,499026.4,-3936624.5,1,499039.1,-3936632.2,1,499047.16,-3936637.5,1,499059.66,-3936644.0,1,499081.12,-3936653.8,1,499096.06,-3936659.8,1,499119.88,-3936668.8,1,499131.2,-3936673.0,1,499145.4,-3936676.8,1,499165.62,-3936680.8,1,499185.1,-3936684.2,1,499225.22,-3936691.2,1,499283.34,-3936699.0,1,499328.53,-3936707.0,1,499401.16,-3936732.5,1,499454.5,-3936756.2,1,499531.94,-3936825.0,1,499603.03,-3936927.2,1,499628.84,-3936976.5,1,499657.94,-3937031.8,1,499687.72,-3937121.8,1,499691.78,-3937134.0,1,499694.88,-3937152.0,1,499727.94,-3937342.8,1,499735.62,-3937387.5,1,499743.97,-3937431.2,1,499759.44,-3937512.5,1,499767.7,-3937557.2,1,499771.94,-3937580.2,1,499780.0,-3937624.2,1,499822.22,-3937845.2,1,499846.47,-3937963.8
12_4_ñ{ê¸_ãûïlã}çsìdìS,0,494999.94,-3925714.5,1,494920.16,-3925557.5,1,494849.06,-3925421.0,1,494823.75,-3925372.0,1,494762.9,-3925255.5,1,494711.25,-3925152.8,1,494686.94,-3925110.5,1,494663.25,-3925073.8,1,494637.38,-3925038.5,1,494607.78,-3925002.5,1,494528.66,-3924913.8,1,494426.94,-3924806.5,1,494330.75,-3924703.8,1,494264.3,-3924619.0
13_4_ç|çıê¸_î†ç™ìoéRìSìπ,0,436710.47,-3896400.8,1,436704.28,-3896398.2,1,436686.94,-3896390.8,1,436525.3,-3896322.8
12_4_è¨ìcå¥ê¸_è¨ìcã}ìdìS,0,477953.34,-3933816.0,1,477967.28,-3933847.8,1,478033.97,-3933999.8,1,478075.22,-3934086.8,1,478120.97,-3934196.2,1,478141.88,-3934258.5,1,478167.5,-3934401.0,1,478181.2,-3934474.5,1,478194.84,-3934538.8,1,478209.38,-3934591.0,1,478238.8,-3934664.5,1,478267.28,-3934720.0,1,478291.84,-3934762.8,1,478302.22,-3934780.5,1,478314.88,-3934801.8,1,478321.6,-3934811.0,1,478333.84,-3934827.5,1,478361.03,-3934858.2,1,478398.72,-3934901.5
12_4_ñ{ê¸_ãûïlã}çsìdìS,0,489341.72,-3920199.0,1,489362.1,-3920227.0,1,489511.12,-3920432.2,1,489543.75,-3920479.8,1,489590.47,-3920543.5,1,489641.97,-3920615.0
11_2_íﬂå©ê¸_ìåì˙ñ{ó∑ãqìSìπ,0,494050.6,-3924664.5,1,494041.66,-3924594.8,1,494032.12,-3924548.0,1,494014.1,-3924462.2,1,493970.72,-3924267.5,1,493957.25,-3924203.0,1,493956.4,-3924178.0,1,493958.28,-3924136.0,1,493961.97,-3924092.2,1,493968.4,-3924050.0,1,493972.62,-3924024.0,1,493992.75,-3923973.2,1,494009.12,-3923946.0,1,494023.1,-3923925.2
12_4_Ç¢Ç∏Ç›ñÏê¸_ëäñÕìSìπ,0,476913.28,-3914381.5,1,476934.84,-3914541.2
12_4_ñ{ê¸_ãûïlã}çsìdìS,0,490388.94,-3921381.2,1,490426.06,-3921413.8,1,490439.16,-3921425.5,1,490445.78,-3921431.5,1,490500.1,-3921481.0,1,490507.34,-3921487.2,1,490514.25,-3921494.0,1,490590.06,-3921564.8,1,490765.7,-3921725.2
12_4_ç]ÉmìáìdìSê¸_ç]ÉmìáìdìS,0,476956.78,-3902945.8,1,476912.75,-3902969.5
12_4_ìSìπê¸_î†ç™ìoéRìSìπ,0,437136.2,-3896047.5,1,437204.12,-3896015.8
11_1_ìåäCìπêVä≤ê¸_ìåäCó∑ãqìSìπ,0,446542.2,-3896895.0,1,446539.44,-3896890.5,1,446511.72,-3896847.5,1,446478.47,-3896796.8,1,446429.53,-3896722.0,1,446418.25,-3896704.8,1,446342.66,-3896584.2,1,446270.53,-3896467.2,1,446241.38,-3896416.2,1,446215.78,-3896378.0,1,446185.2,-3896328.8,1,446159.47,-3896286.5,1,446123.44,-3896229.2,1,446061.62,-3896129.2,1,446002.25,-3896030.5,1,445943.1,-3895934.5,1,445909.1,-3895883.2,1,445867.34,-3895806.2,1,445819.44,-3895723.2,1,445764.4,-3895605.8,1,445734.16,-3895540.2,1,445712.12,-3895491.8,1,445684.4,-3895434.2,1,445662.75,-3895376.0,1,445649.47,-3895344.0,1,445618.7,-3895251.0,1,445608.75,-3895217.5,1,445575.28,-3895132.8,1,445535.7,-3894991.5,1,445498.28,-3894874.0,1,445483.66,-3894818.2,1,445450.47,-3894715.0,1,445439.16,-3894678.2,1,445412.78,-3894592.8,1,445375.9,-3894468.0,1,445345.9,-3894367.5,1,445304.56,-3894230.8,1,445280.66,-3894146.2,1,445249.9,-3894024.5,1,445227.12,-3893933.2,1,445205.4,-3893830.0,1,445191.06,-3893762.2,1,445182.22,-3893715.2,1,445176.28,-3893669.0,1,445170.9,-3893618.8,1,445160.25,-3893530.2,1,445157.88,-3893496.5,1,445145.6,-3893409.5,1,445123.25,-3893223.2,1,445107.28,-3893084.2,1,445090.3,-3892954.2,1,445075.03,-3892824.2,1,445061.03,-3892704.2,1,445050.3,-3892621.5,1,445040.94,-3892531.5,1,445035.66,-3892499.5,1,445021.38,-3892383.8,1,445014.06,-3892303.0,1,445009.03,-3892251.5,1,445006.16,-3892216.5,1,444998.44,-3892143.5,1,444983.0,-3891998.8,1,444977.56,-3891943.0,1,444971.16,-3891878.2,1,444961.47,-3891785.0,1,444952.7,-3891701.8,1,444941.97,-3891599.8,1,444932.84,-3891507.5,1,444914.62,-3891372.0,1,444896.8,-3891245.2,1,444880.97,-3891138.8,1,444867.97,-3891036.2,1,444856.44,-3890953.8,1,444846.34,-3890912.0,1,444842.34,-3890879.8,1,444838.9,-3890840.2,1,444835.8,-3890780.5,1,444833.5,-3890685.5,1,444823.06,-3890528.2,1,444815.78,-3890440.5,1,444810.7,-3890380.0,1,444795.12,-3890245.0,1,444781.34,-3890123.0,1,444767.78,-3890020.5,1,444750.8,-3889937.2,1,444727.62,-3889822.0,1,444707.88,-3889721.8,1,444686.94,-3889631.8,1,444652.9,-3889515.8,1,444636.9,-3889462.0,1,444635.88,-3889458.8,1,444545.5,-3889228.8,1,444523.7,-3889175.2,1,444519.78,-3889162.8,1,444515.25,-3889151.5,1,444494.72,-3889111.8,1,444464.78,-3889058.8,1,444397.6,-3888939.2,1,444313.22,-3888796.5,1,444266.2,-3888718.0,1,444205.72,-3888616.2,1,444181.34,-3888575.8,1,444134.78,-3888498.0,1,444126.5,-3888484.2,1,444088.7,-3888419.0,1,444050.5,-3888356.0,1,443997.62,-3888271.5,1,443958.88,-3888207.8,1,443916.75,-3888139.2,1,443867.22,-3888067.2,1,443818.7,-3887994.8,1,443766.6,-3887921.2,1,443724.06,-3887863.8,1,443671.03,-3887787.0,1,443637.22,-3887738.8,1,443585.22,-3887662.8,1,443551.3,-3887618.8,1,443530.03,-3887591.2,1,443472.06,-3887512.5,1,443462.97,-3887501.2,1,443442.97,-3887476.0,1,443410.38,-3887433.2,1,443383.66,-3887398.2,1,443321.97,-3887320.5,1,443284.88,-3887271.8,1,443227.06,-3887203.5,1,443200.4,-3887164.0,1,443173.03,-3887128.5,1,443140.72,-3887087.5,1,443139.72,-3887086.2,1,443109.12,-3887046.5,1,443082.4,-3887012.5,1,443051.84,-3886974.8,1,443014.28,-3886924.5,1,442961.2,-3886856.5,1,442899.38,-3886772.0,1,442866.6,-3886729.0,1,442841.6,-3886696.0,1,442777.88,-3886615.8,1,442717.8,-3886536.8,1,442691.66,-3886503.0,1,442628.62,-3886418.2,1,442565.62,-3886339.2,1,442531.1,-3886293.2,1,442519.7,-3886277.0,1,442458.0,-3886198.0,1,442450.47,-3886188.5,1,442416.22,-3886145.0,1,442398.3,-3886122.2,1,442372.78,-3886090.0,1,442324.9,-3886024.8,1,442264.78,-3885939.2,1,442251.2,-3885923.0,1,442190.12,-3885844.8,1,442150.2,-3885794.8,1,442092.12,-3885719.8,1,442033.53,-3885644.8,1,442002.75,-3885605.2,1,441974.0,-3885568.5,1,441944.34,-3885529.2,1,441885.1,-3885453.0,1,441853.97,-3885413.0,1,441819.4,-3885367.8,1,441759.06,-3885290.2,1,441701.0,-3885214.8,1,441669.4,-3885174.2,1,441604.2,-3885091.5,1,441541.16,-3885008.0,1,441481.62,-3884930.0,1,441451.66,-3884890.5,1,441390.7,-3884813.0,1,441383.06,-3884802.5,1,441311.38,-3884709.0,1,441259.94,-3884643.2,1,441249.1,-3884629.2,1,441243.88,-3884622.5,1,441191.5,-3884555.0,1,441144.38,-3884495.5,1,441113.7,-3884455.8,1,441098.34,-3884435.8,1,441092.72,-3884428.2,1,441072.16,-3884400.8,1,441032.9,-3884348.0,1,441027.66,-3884341.0,1,440999.12,-3884296.5,1,440986.34,-3884276.5,1,440957.88,-3884230.2,1,440949.34,-3884208.2,1,440936.1,-3884159.5,1,440907.22,-3884061.2,1,440906.75,-3884059.5,1,440881.38,-3883969.0,1,440864.44,-3883913.0,1,440837.75,-3883817.2,1,440813.2,-3883728.2,1,440786.06,-3883631.0,1,440758.72,-3883532.8,1,440732.88,-3883442.5,1,440713.3,-3883375.5,1,440704.53,-3883344.2,1,440690.53,-3883294.5,1,440662.66,-3883197.2,1,440637.8,-3883105.8,1,440636.06,-3883099.5,1,440619.25,-3883039.8,1,440596.84,-3882956.2,1,440580.03,-3882895.5,1,440570.28,-3882866.5,1,440543.5,-3882772.2,1,440529.4,-3882719.2,1,440501.8,-3882626.0,1,440475.78,-3882532.5,1,440450.1,-3882439.2,1,440423.3,-3882343.2,1,440396.62,-3882248.5,1,440369.28,-3882148.5,1,440366.66,-3882139.2,1,440355.0,-3882097.8,1,440341.38,-3882050.0,1,440327.84,-3882001.0,1,440316.1,-3881958.8,1,440285.22,-3881852.5,1,440270.1,-3881799.2,1,440256.56,-3881749.8,1,440240.8,-3881695.2,1,440228.2,-3881647.5,1,440216.88,-3881605.8,1,440189.8,-3881511.2,1,440160.25,-3881407.2,1,440141.84,-3881337.5,1,440107.75,-3881227.0,1,440094.22,-3881179.8,1,440081.8,-3881136.8,1,440076.03,-3881116.8,1,440068.94,-3881092.2,1,440058.3,-3881054.5,1,440040.8,-3881001.8,1,440009.94,-3880924.0,1,439992.03,-3880885.8,1,439960.53,-3880826.2,1,439926.25,-3880767.0,1,439863.28,-3880659.0,1,439829.56,-3880607.0,1,439804.84,-3880573.2,1,439764.0,-3880517.8,1,439737.8,-3880486.0,1,439724.47,-3880467.2,1,439682.25,-3880410.0
12_4_ç]Émìáê¸_è¨ìcã}ìdìS,0,473661.8,-3922739.5,1,473600.66,-3922885.0
11_2_ìåäCìπê¸_ìåì˙ñ{ó∑ãqìSìπ,0,489293.7,-3920153.8,1,489331.03,-3920209.5,1,489351.47,-3920238.5,1,489363.47,-3920255.5,1,489433.2,-3920355.0,1,489515.16,-3920467.5,1,489578.22,-3920557.2,1,489683.8,-3920707.0,1,489738.44,-3920785.2,1,489773.16,-3920832.5,1,489816.78,-3920892.8,1,489842.28,-3920925.5,1,489895.34,-3920994.2,1,489925.16,-3921033.8,1,489949.06,-3921065.5,1,489977.75,-3921103.5,1,490006.66,-3921140.5,1,490040.0,-3921182.8,1,490059.8,-3921211.0,1,490115.5,-3921285.8
12_4_ìåâ°ê¸_ìåãûã}çsìdìS,0,489238.7,-3920160.5,1,489269.06,-3920203.2,1,489278.97,-3920218.2,1,489315.88,-3920272.5,1,489326.5,-3920288.0,1,489353.78,-3920329.5,1,489422.94,-3920446.0,1,489440.5,-3920475.5,1,489460.88,-3920514.2,1,489469.3,-3920530.2,1,489475.16,-3920544.5,1,489480.78,-3920558.8,1,489485.44,-3920572.2,1,489492.16,-3920593.8,1,489496.66,-3920616.5,1,489499.75,-3920633.5,1,489504.03,-3920660.5,1,489506.72,-3920698.0,1,489503.28,-3920719.0,1,489492.47,-3920779.2,1,489484.28,-3920829.8,1,489483.84,-3920833.5,1,489479.1,-3920879.5
11_2_å‰ìaèÍê¸_ìåäCó∑ãqìSìπ,0,449367.7,-3902139.2,1,449904.8,-3901529.0,1,450566.44,-3900777.5,1,450582.8,-3900758.8,1,450591.94,-3900748.5,1,450658.34,-3900673.0,1,450692.53,-3900634.0,1,450733.53,-3900587.8,1,451145.3,-3900122.5,1,451165.47,-3900099.5,1,451266.88,-3899982.8
11_2_ìÏïêê¸_ìåì˙ñ{ó∑ãqìSìπ,0,494499.62,-3928101.2,1,494538.88,-3927983.2,1,494543.22,-3927971.5,1,494561.16,-3927923.0,1,494606.5,-3927805.2,1,494660.34,-3927668.8,1,494710.7,-3927545.2,1,494781.75,-3927359.0,1,494800.84,-3927309.0,1,494801.38,-3927307.5
14_4_ç]ÇÃìáê¸_è√ìÏÉÇÉmÉåÅ[Éã,0,477746.4,-3903648.0,1,477753.88,-3903647.0,1,477770.3,-3903644.0,1,477777.78,-3903643.0,1,477800.3,-3903640.8,1,477827.5,-3903640.8,1,477850.75,-3903644.5,1,477870.78,-3903649.2,1,477890.88,-3903657.8,1,477911.62,-3903669.5,1,477927.75,-3903681.2,1,477949.78,-3903697.8,1,477982.22,-3903723.5,1,478011.72,-3903746.5,1,478039.6,-3903769.0,1,478077.12,-3903800.5,1,478095.88,-3903816.0,1,478121.12,-3903836.5,1,478147.06,-3903853.0,1,478165.16,-3903860.8,1,478184.53,-3903865.2,1,478204.56,-3903870.0,1,478222.62,-3903871.5,1,478251.72,-3903871.5,1,478275.72,-3903869.8,1,478299.62,-3903866.0,1,478321.5,-3903862.8,1,478346.78,-3903857.0,1,478384.84,-3903853.8,1,478407.03,-3903852.2,1,478417.3,-3903857.0,1,478430.06,-3903864.0
11_2_ìåäCìπê¸_ìåì˙ñ{ó∑ãqìSìπ,0,461216.16,-3903160.8,1,461103.03,-3903073.2,1,460954.2,-3902960.2
12_5_Ç›Ç»Ç∆Ç›ÇÁÇ¢ê¸_â°ïlçÇë¨ìSìπ,0,491137.6,-3917877.8,1,491280.44,-3917778.2,1,491512.3,-3917662.2,1,491687.6,-3917515.2
12_4_ç]ÉmìáìdìSê¸_ç]ÉmìáìdìS,0,478127.28,-3902482.0,1,478079.0,-3902484.8
12_4_ìSìπê¸_î†ç™ìoéRìSìπ,0,441072.44,-3894664.8,1,441068.1,-3894665.5,1,441063.8,-3894666.5,1,441045.88,-3894667.0,1,441019.22,-3894666.2,1,440993.16,-3894662.8,1,440968.12,-3894661.5,1,440943.9,-3894658.5,1,440918.6,-3894656.2,1,440894.1,-3894652.5,1,440871.03,-3894647.0,1,440853.8,-3894643.8,1,440829.6,-3894639.8,1,440801.53,-3894636.8,1,440781.5,-3894635.5,1,440749.28,-3894636.5,1,440669.6,-3894637.8,1,440641.28,-3894638.8,1,440599.8,-3894639.2,1,440571.62,-3894643.2,1,440558.88,-3894644.8,1,440537.88,-3894645.8,1,440519.12,-3894645.8,1,440498.12,-3894647.5,1,440434.53,-3894651.8,1,440387.4,-3894653.0,1,440365.56,-3894651.8,1,440347.34,-3894648.5,1,440335.47,-3894644.0,1,440327.16,-3894638.2,1,440313.22,-3894624.8,1,440299.8,-3894606.8,1,440290.9,-3894593.5,1,440284.16,-3894579.2,1,440281.56,-3894568.2,1,440283.0,-3894551.5,1,440296.1,-3894537.0,1,440311.2,-3894520.2,1,440329.44,-3894502.8,1,440346.62,-3894487.0,1,440359.2,-3894472.0,1,440377.38,-3894458.8,1,440389.62,-3894453.2,1,440401.25,-3894448.0,1,440421.06,-3894443.2
12_4_è¨ìcå¥ê¸_è¨ìcã}ìdìS,0,484089.72,-3936842.5,1,484110.2,-3936854.0,1,484166.7,-3936885.0,1,484219.62,-3936916.8,1,484261.7,-3936950.2,1,484271.3,-3936958.0,1,484297.9,-3936988.5,1,484325.6,-3937023.5,1,484347.75,-3937059.0,1,484372.2,-3937101.0
12_4_ñ{ê¸_ãûïlã}çsìdìS,0,489607.8,-3917766.5,1,489611.72,-3917755.2,1,489614.7,-3917741.8,1,489617.22,-3917722.2,1,489617.47,-3917705.5,1,489618.62,-3917684.5,1,489618.6,-3917673.0,1,489617.7,-3917659.8,1,489615.6,-3917646.0,1,489613.03,-3917633.2,1,489609.47,-3917620.0,1,489605.1,-3917607.0,1,489530.4,-3917457.5,1,489508.66,-3917415.0,1,489492.84,-3917382.8,1,489477.38,-3917353.8,1,489463.0,-3917332.5,1,489435.56,-3917300.2,1,489423.28,-3917287.5,1,489408.75,-3917272.8,1,489382.88,-3917251.2,1,489348.62,-3917225.5,1,489327.2,-3917211.0,1,489310.75,-3917200.8,1,489302.84,-3917195.8,1,489271.22,-3917179.0
11_2_ìåäCìπê¸_ìåì˙ñ{ó∑ãqìSìπ,0,481164.0,-3912970.2,1,481189.6,-3912866.0,1,481201.47,-3912819.5,1,481214.25,-3912771.0,1,481223.8,-3912733.8,1,481232.28,-3912700.5,1,481234.62,-3912690.5
11_2_íÜâõê¸_ìåì˙ñ{ó∑ãqìSìπ,0,450852.16,-3937406.8,1,450899.38,-3937463.5,1,450915.34,-3937484.5,1,450980.6,-3937561.5,1,451001.28,-3937582.2,1,451020.3,-3937603.8,1,451025.25,-3937609.5,1,451036.62,-3937622.0,1,451097.16,-3937692.0,1,451135.22,-3937733.5,1,451193.72,-3937800.0,1,451214.72,-3937826.0,1,451261.8,-3937897.8,1,451274.38,-3937922.2,1,451282.34,-3937938.5,1,451295.66,-3937975.2,1,451316.78,-3938041.5,1,451335.06,-3938125.5,1,451354.38,-3938243.0,1,451379.0,-3938311.0,1,451383.12,-3938318.5
11_2_ìåäCìπê¸_ìåì˙ñ{ó∑ãqìSìπ,0,441930.38,-3884974.0,1,441936.06,-3884977.5,1,441958.56,-3884992.0,1,441989.75,-3885011.8,1,442079.12,-3885070.0,1,442109.12,-3885090.5,1,442163.88,-3885131.0,1,442210.9,-3885176.5,1,442244.38,-3885213.0,1,442264.16,-3885241.5,1,442302.12,-3885312.0,1,442333.78,-3885377.2,1,442387.5,-3885486.2,1,442429.5,-3885571.8,1,442445.38,-3885603.2,1,442455.6,-3885621.2,1,442468.84,-3885642.2,1,442483.38,-3885664.8,1,442499.25,-3885684.2,1,442512.66,-3885700.8,1,442524.22,-3885711.5,1,442534.75,-3885720.0,1,442539.78,-3885724.0,1,442552.3,-3885732.5,1,442562.72,-3885739.8,1,442581.84,-3885751.0,1,442599.66,-3885760.2,1,442625.06,-3885771.8,1,442637.75,-3885776.8,1,442659.12,-3885785.0,1,442680.94,-3885793.5,1,442701.38,-3885799.0,1,442726.72,-3885802.5,1,442761.2,-3885805.5,1,442768.28,-3885806.0,1,442781.03,-3885806.8,1,442809.75,-3885807.2,1,442838.5,-3885802.5,1,442935.47,-3885783.0,1,442968.1,-3885770.0,1,443046.47,-3885731.5,1,443106.7,-3885702.8,1,443123.47,-3885694.2,1,443148.2,-3885685.2,1,443163.2,-3885681.0,1,443180.56,-3885676.2,1,443197.12,-3885673.5,1,443216.97,-3885670.0,1,443249.0,-3885666.0,1,443272.38,-3885662.2,1,443299.34,-3885659.5,1,443321.38,-3885658.0,1,443358.53,-3885657.0,1,443388.75,-3885656.5,1,443414.9,-3885657.5,1,443436.7,-3885658.8,1,443456.28,-3885660.8,1,443483.8,-3885664.5,1,443516.1,-3885670.2,1,443543.1,-3885676.5,1,443572.94,-3885683.5,1,443580.44,-3885690.2,1,443601.06,-3885697.5,1,443623.8,-3885704.8,1,443642.72,-3885712.0,1,443723.38,-3885737.5,1,443755.4,-3885744.5,1,443804.06,-3885759.8,1,443924.97,-3885798.8,1,444039.44,-3885835.8,1,444080.97,-3885849.2,1,444151.34,-3885871.2,1,444249.0,-3885903.8,1,444265.25,-3885908.5,1,444300.75,-3885919.0,1,444348.66,-3885934.5,1,444358.06,-3885936.8,1,444376.6,-3885946.2,1,444395.16,-3885955.8,1,444410.84,-3885963.0
11_2_â°ê{âÍê¸_ìåì˙ñ{ó∑ãqìSìπ,0,485297.62,-3901455.8,1,485283.72,-3901452.0,1,485233.3,-3901442.0,1,485180.12,-3901432.8,1,485159.47,-3901428.8,1,485120.8,-3901424.5,1,485099.47,-3901423.0,1,485064.28,-3901423.0
12_4_ç]ÉmìáìdìSê¸_ç]ÉmìáìdìS,0,481381.12,-3902988.5,1,481330.72,-3902972.8
11_2_íﬂå©ê¸_ìåì˙ñ{ó∑ãqìSìπ,0,494578.56,-3923453.8,1,494616.25,-3923406.5,1,494659.4,-3923354.5,1,494714.06,-3923310.8,1,494740.62,-3923295.2,1,494768.28,-3923283.5,1,494800.47,-3923274.8,1,494831.22,-3923269.8,1,494872.7,-3923267.5,1,494912.4,-3923272.5,1,494938.97,-3923277.0,1,494980.25,-3923284.8,1,495084.56,-3923305.5,1,495157.4,-3923320.8,1,495245.66,-3923338.8
11_2_ëäñÕê¸_ìåì˙ñ{ó∑ãqìSìπ,0,468016.5,-3918791.5,1,467952.75,-3918756.0,1,467842.16,-3918690.2,1,467733.12,-3918626.2,1,467662.72,-3918584.5,1,467587.16,-3918540.0,1,467523.4,-3918504.0,1,467516.12,-3918500.0,1,467450.56,-3918460.5,1,467372.34,-3918413.5,1,467318.7,-3918382.5,1,467256.72,-3918341.5,1,467229.34,-3918318.0,1,467210.47,-3918300.2,1,467183.5,-3918270.2,1,467171.66,-3918254.5,1,467157.12,-3918229.5,1,467148.9,-3918211.0,1,467142.38,-3918193.2,1,467130.2,-3918155.5,1,467124.12,-3918137.2,1,467120.9,-3918125.5,1,467119.7,-3918117.5,1,467116.22,-3918082.5,1,467107.0,-3917996.0,1,467098.25,-3917914.0,1,467094.0,-3917869.8,1,467089.7,-3917807.2,1,467080.94,-3917701.5
12_3_3çÜê¸_â°ïlés,0,487800.66,-3922777.0,1,487840.75,-3922834.2,1,487898.8,-3922913.2,1,487931.5,-3922955.5,1,487968.75,-3922999.0,1,488009.38,-3923041.8,1,488055.94,-3923078.5,1,488109.75,-3923101.8,1,488157.84,-3923114.0,1,488269.5,-3923125.2,1,488274.78,-3923125.5,1,488322.03,-3923127.0,1,488449.94,-3923137.2,1,488499.56,-3923148.8,1,488551.38,-3923172.0,1,488569.44,-3923180.5,1,488591.7,-3923195.5,1,488625.0,-3923223.0,1,488640.34,-3923238.2,1,488658.44,-3923275.0
12_4_ñ{ê¸_ãûïlã}çsìdìS,0,488464.97,-3916858.8,1,488350.2,-3916836.2
12_4_è¨ìcå¥ê¸_è¨ìcã}ìdìS,0,484372.2,-3937101.0,1,484429.75,-3937193.8,1,484448.56,-3937224.2,1,484460.25,-3937243.8
11_2_ìåäCìπê¸_ìåì˙ñ{ó∑ãqìSìπ,0,464174.28,-3904803.2,1,464043.28,-3904772.0,1,463919.1,-3904743.8,1,463803.56,-3904717.2,1,463659.53,-3904681.5,1,463609.03,-3904665.0,1,463573.7,-3904647.5
12_4_ëÂétê¸_ãûïlã}çsìdìS,0,499397.94,-3927860.5,1,499327.88,-3927860.5
11_2_ìÏïêê¸_ìåì˙ñ{ó∑ãqìSìπ,0,490947.1,-3932767.0,1,491074.66,-3932682.2
12_3_3çÜê¸_â°ïlés,0,486166.9,-3927749.0,1,486303.56,-3927710.0
11_2_â°ê{âÍê¸_ìåì˙ñ{ó∑ãqìSìπ,0,482653.34,-3903976.2,1,482656.2,-3903997.2,1,482666.0,-3904080.2,1,482671.66,-3904151.2,1,482678.06,-3904255.8,1,482680.25,-3904306.8,1,482678.97,-3904357.5,1,482674.22,-3904393.5,1,482670.1,-3904411.2,1,482657.7,-3904449.8,1,482642.6,-3904484.2,1,482627.56,-3904512.8,1,482606.9,-3904546.2,1,482588.97,-3904574.0,1,482560.7,-3904612.2,1,482549.72,-3904626.5,1,482531.12,-3904656.0,1,482499.9,-3904722.0,1,482488.16,-3904751.2,1,482481.62,-3904766.8,1,482474.16,-3904807.0,1,482472.03,-3904830.2,1,482470.28,-3904865.5
11_2_ç™ä›ê¸_ìåì˙ñ{ó∑ãqìSìπ,0,491040.03,-3917135.8,1,491051.62,-3917105.5,1,491105.66,-3916962.2
12_3_1çÜê¸_â°ïlés,0,484640.8,-3912964.2,1,484572.3,-3913009.8,1,484554.72,-3913020.0,1,484480.97,-3913053.0,1,484384.38,-3913068.2,1,484314.56,-3913068.5,1,484266.78,-3913064.8,1,484221.1,-3913053.5,1,484168.66,-3913032.0,1,484130.22,-3913019.2,1,483977.44,-3912988.0,1,483884.97,-3912980.8,1,483834.12,-3912982.0,1,483789.47,-3912984.5,1,483731.28,-3912997.2,1,483587.34,-3913037.0,1,483504.3,-3913066.2
12_4_è¨ìcå¥ê¸_è¨ìcã}ìdìS,0,479682.25,-3935930.0,1,479762.3,-3935971.5,1,479879.5,-3936039.8,1,479936.47,-3936081.8,1,479990.28,-3936131.8,1,480035.22,-3936182.2,1,480063.47,-3936217.5,1,480100.2,-3936270.5,1,480169.6,-3936366.5,1,480217.16,-3936417.5,1,480243.84,-3936441.0,1,480297.62,-3936478.5,1,480331.2,-3936497.0,1,480385.84,-3936518.0,1,480432.7,-3936529.0,1,480470.84,-3936534.5,1,480513.66,-3936535.5,1,480543.38,-3936536.0,1,480592.28,-3936530.2
12_4_ìSìπê¸_î†ç™ìoéRìSìπ,0,437419.62,-3895316.8,1,437439.66,-3895305.0,1,437469.2,-3895287.5,1,437487.5,-3895275.0,1,437492.06,-3895263.5,1,437492.88,-3895249.2,1,437491.84,-3895233.0,1,437491.4,-3895220.5,1,437497.84,-3895208.0,1,437512.6,-3895195.2,1,437526.12,-3895192.2,1,437543.16,-3895192.5,1,437567.22,-3895198.8,1,437595.28,-3895214.5,1,437612.84,-3895229.5,1,437631.75,-3895250.8,1,437642.6,-3895268.0,1,437643.94,-3895277.0,1,437643.2,-3895299.8,1,437644.8,-3895338.5,1,437645.78,-3895347.5,1,437657.28,-3895377.0,1,437669.28,-3895403.8,1,437679.1,-3895441.8,1,437682.5,-3895457.0,1,437688.03,-3895482.0,1,437693.53,-3895512.5,1,437697.2,-3895532.5,1,437700.4,-3895546.5,1,437710.06,-3895562.8,1,437723.72,-3895576.0,1,437740.78,-3895585.0,1,437767.97,-3895592.5,1,437794.12,-3895598.8,1,437818.78,-3895601.2,1,437882.53,-3895606.5,1,437939.7,-3895612.0,1,437978.56,-3895614.0,1,438017.06,-3895615.2,1,438044.53,-3895613.5,1,438066.62,-3895610.2,1,438082.25,-3895607.0,1,438092.34,-3895606.2,1,438115.44,-3895604.8,1,438133.38,-3895604.8,1,438153.0,-3895601.5,1,438168.62,-3895597.5,1,438183.4,-3895589.2,1,438206.03,-3895572.8,1,438220.38,-3895564.8,1,438233.84,-3895553.5,1,438256.47,-3895535.2
12_4_è¨ìcå¥ê¸_è¨ìcã}ìdìS,0,472353.6,-3927256.0,1,472288.03,-3927160.0,1,472189.88,-3927024.2,1,472135.88,-3926953.0,1,471915.16,-3926651.5,1,471780.0,-3926465.0,1,471708.9,-3926366.8,1,471636.88,-3926270.0,1,471476.78,-3926054.2,1,471312.28,-3925829.8,1,471190.5,-3925658.2
11_2_ìåäCìπê¸_ìåì˙ñ{ó∑ãqìSìπ,0,464505.66,-3904872.8,1,464464.75,-3904864.2,1,464174.28,-3904803.2
12_4_ñ{ê¸_ãûïlã}çsìdìS,0,492768.8,-3899533.8,1,492891.4,-3899539.5
11_2_íﬂå©ê¸_ìåì˙ñ{ó∑ãqìSìπ,0,494578.56,-3923453.8,1,494616.25,-3923406.5,1,494659.4,-3923354.5,1,494714.06,-3923310.8,1,494740.62,-3923295.2,1,494768.28,-3923283.5,1,494800.47,-3923274.8,1,494831.22,-3923269.8,1,494872.7,-3923267.5,1,494912.4,-3923272.5,1,494938.97,-3923277.0,1,494980.25,-3923284.8,1,495084.56,-3923305.5,1,495157.4,-3923320.8,1,495245.66,-3923338.8
13_4_ç|çıê¸_î†ç™ìoéRìSìπ,0,436018.72,-3896107.8,1,435950.28,-3896079.5
12_4_ëΩñÄê¸_è¨ìcã}ìdìS,0,477601.12,-3934896.5,1,477477.16,-3934948.2
12_4_ëΩñÄê¸_è¨ìcã}ìdìS,0,477601.12,-3934896.5,1,477847.34,-3934794.2,1,477864.8,-3934787.2,1,477883.2,-3934782.8,1,477909.72,-3934778.5,1,477922.94,-3934775.5,1,477943.94,-3934773.0,1,477982.16,-3934770.8,1,478050.66,-3934769.5,1,478093.75,-3934770.8,1,478100.84,-3934771.8,1,478122.66,-3934774.5,1,478144.5,-3934779.0,1,478175.97,-3934786.5,1,478230.9,-3934807.0,1,478287.7,-3934833.0,1,478353.0,-3934871.8,1,478398.72,-3934901.5
12_4_ñ{ê¸_ãûïlã}çsìdìS,0,489473.53,-3901780.5,1,489482.06,-3901766.0,1,489491.3,-3901750.0,1,489509.72,-3901718.2,1,489523.34,-3901686.8,1,489534.3,-3901656.2,1,489554.84,-3901582.8,1,489563.88,-3901526.2,1,489572.62,-3901459.5,1,489587.94,-3901331.5,1,489595.4,-3901279.0,1,489602.1,-3901229.8,1,489609.56,-3901175.8,1,489616.7,-3901121.0,1,489621.8,-3901077.0,1,489627.7,-3901038.8,1,489642.72,-3900982.2,1,489651.88,-3900953.8,1,489657.75,-3900935.8,1,489668.1,-3900910.8,1,489687.94,-3900861.2,1,489692.66,-3900846.8,1,489735.12,-3900777.2,1,489765.34,-3900729.8,1,489812.5,-3900679.8,1,489832.47,-3900662.0,1,489841.75,-3900653.8,1,489854.72,-3900642.0,1,489888.44,-3900611.8,1,490000.06,-3900506.5,1,490028.22,-3900482.5,1,490036.6,-3900475.5,1,490057.75,-3900457.5,1,490111.97,-3900408.0,1,490158.94,-3900368.0,1,490200.0,-3900331.0,1,490227.44,-3900308.2,1,490258.78,-3900285.5,1,490285.4,-3900270.0,1,490305.6,-3900261.2,1,490324.7,-3900251.0,1,490416.78,-3900229.2,1,490495.88,-3900211.8,1,490542.7,-3900203.0,1,490603.78,-3900195.0,1,490659.06,-3900190.2,1,490682.25,-3900193.0,1,490706.53,-3900198.2,1,490751.2,-3900208.0,1,490815.06,-3900224.0,1,490852.97,-3900232.5,1,490876.9,-3900236.5,1,490898.47,-3900240.8,1,490942.28,-3900245.2,1,491000.4,-3900247.5
12_4_ñ{ê¸_ãûïlã}çsìdìS,0,488965.88,-3918979.8,1,488929.88,-3919083.8
12_4_ñ{ê¸_ãûïlã}çsìdìS,0,491200.38,-3922087.5,1,491215.8,-3922095.2,1,491248.4,-3922112.8,1,491282.44,-3922125.0,1,491306.47,-3922131.8,1,491325.06,-3922138.0
11_2_ìÏïêê¸_ìåì˙ñ{ó∑ãqìSìπ,0,494453.38,-3928234.0,1,494464.88,-3928200.8,1,494499.62,-3928101.2
12_4_è¨ìcå¥ê¸_è¨ìcã}ìdìS,0,469021.97,-3921849.8,1,469025.66,-3921686.2
12_4_ëΩñÄê¸_è¨ìcã}ìdìS,0,476395.0,-3935568.8,1,476341.38,-3935605.2,1,476225.75,-3935687.0,1,476198.28,-3935707.5,1,476120.9,-3935761.8,1,476046.75,-3935813.5,1,475992.44,-3935856.5,1,475929.0,-3935907.5,1,475866.47,-3935961.5,1,475796.0,-3936027.0,1,475736.03,-3936087.8,1,475627.75,-3936206.2,1,475531.6,-3936311.2
11_2_ìåäCìπê¸_ìåì˙ñ{ó∑ãqìSìπ,0,464499.94,-3904847.0,1,464612.1,-3904871.2,1,464737.28,-3904899.5,1,464796.34,-3904918.2,1,464851.03,-3904935.0,1,464875.3,-3904941.2,1,464965.38,-3904964.2,1,465080.72,-3904988.0,1,465203.44,-3905011.8,1,465272.47,-3905027.0,1,465325.03,-3905038.5,1,465359.34,-3905046.2,1,465485.66,-3905069.0,1,465642.28,-3905097.2,1,465692.4,-3905107.5,1,465849.7,-3905140.2,1,466020.3,-3905175.5,1,466185.03,-3905210.0,1,466327.47,-3905240.8,1,466336.47,-3905242.0,1,466388.3,-3905250.8,1,466390.03,-3905251.0,1,466414.5,-3905254.2,1,466425.7,-3905256.0,1,466460.16,-3905260.8,1,466478.53,-3905263.0,1,466497.53,-3905264.8,1,466519.06,-3905266.2,1,466535.88,-3905266.2,1,466559.78,-3905266.2,1,466587.22,-3905265.0,1,466608.7,-3905263.8,1,466646.84,-3905260.5,1,466671.53,-3905258.2,1,466695.06,-3905254.5,1,466715.16,-3905251.5,1,466734.84,-3905247.5,1,466771.62,-3905239.5,1,466807.88,-3905231.5,1,466833.38,-3905226.8
12_4_ñ{ê¸_ãûïlã}çsìdìS,0,489869.03,-3909031.8,1,489855.8,-3909146.2
11_2_â°ïlê¸_ìåì˙ñ{ó∑ãqìSìπ,0,491389.7,-3922913.8,1,491372.56,-3923022.8
12_3_1çÜê¸_â°ïlés,0,490504.7,-3917782.2,1,490376.0,-3917871.5
13_4_ç|çıê¸_î†ç™ìoéRìSìπ,0,436189.5,-3896181.5,1,436018.72,-3896107.8
12_4_ñ{ê¸_ãûïlã}çsìdìS,0,490388.94,-3921381.2,1,490426.06,-3921413.8,1,490439.16,-3921425.5,1,490445.78,-3921431.5,1,490500.1,-3921481.0,1,490507.34,-3921487.2,1,490514.25,-3921494.0,1,490590.06,-3921564.8,1,490765.7,-3921725.2
11_2_ìåäCìπê¸_ìåì˙ñ{ó∑ãqìSìπ,0,493612.75,-3929686.0,1,493668.4,-3929548.0,1,493683.5,-3929507.5,1,493695.8,-3929474.8,1,493729.9,-3929383.2
12_4_ñ{ê¸_ãûïlã}çsìdìS,0,496915.22,-3928265.5,1,496778.53,-3928072.5,1,496681.78,-3927938.5,1,496616.8,-3927843.2,1,496569.84,-3927774.5,1,496499.38,-3927675.0,1,496441.12,-3927596.8,1,496370.75,-3927505.8
11_2_ëäñÕê¸_ìåì˙ñ{ó∑ãqìSìπ,0,468978.34,-3907976.5,1,468963.38,-3908062.5
11_2_ëäñÕê¸_ìåì˙ñ{ó∑ãqìSìπ,0,467179.4,-3913593.2,1,467094.03,-3913761.2,1,467022.66,-3913907.8,1,467002.22,-3913952.8,1,466993.78,-3913976.0,1,466991.03,-3913991.5,1,466988.16,-3914031.2,1,466977.47,-3914179.5,1,466958.25,-3914558.2,1,466948.56,-3914816.0,1,466942.9,-3915026.5,1,466942.06,-3915043.0
12_4_ç]ÉmìáìdìSê¸_ç]ÉmìáìdìS,0,480633.3,-3902729.8,1,480617.47,-3902713.0,1,480584.2,-3902672.0,1,480569.7,-3902656.0,1,480551.1,-3902634.8,1,480532.78,-3902612.2,1,480514.1,-3902582.0,1,480505.12,-3902563.0,1,480496.03,-3902518.5,1,480489.8,-3902495.0,1,480480.12,-3902474.8,1,480466.9,-3902455.8,1,480453.78,-3902444.8,1,480424.1,-3902422.2,1,480392.94,-3902395.5,1,480365.97,-3902370.2,1,480341.8,-3902342.8,1,480325.6,-3902323.8,1,480290.34,-3902282.8,1,480269.56,-3902262.0,1,480251.62,-3902247.8,1,480227.4,-3902232.8,1,480183.9,-3902220.2,1,480159.1,-3902213.5,1,480135.62,-3902211.8,1,480106.62,-3902211.2
11_2_ìÏïêê¸_ìåì˙ñ{ó∑ãqìSìπ,0,487204.0,-3935322.2,1,487187.8,-3935335.0,1,487071.25,-3935414.0,1,486996.78,-3935466.8,1,486959.25,-3935501.0,1,486921.56,-3935544.8,1,486898.7,-3935583.8,1,486879.1,-3935621.2,1,486842.2,-3935718.0,1,486821.16,-3935768.2,1,486806.8,-3935794.2,1,486789.2,-3935823.0,1,486770.28,-3935844.5,1,486730.75,-3935879.8,1,486638.38,-3935948.0
12_4_Ç¢Ç∏Ç›ñÏê¸_ëäñÕìSìπ,0,475089.88,-3912405.8,1,475156.38,-3912422.5,1,475349.78,-3912473.8,1,475402.94,-3912486.5,1,475722.28,-3912549.5
12_4_è¨ìcå¥ê¸_è¨ìcã}ìdìS,0,445411.56,-3906896.5,1,445440.62,-3906890.5,1,445466.7,-3906889.5
11_2_ëäñÕê¸_ìåì˙ñ{ó∑ãqìSìπ,0,467152.2,-3910820.5,1,467145.8,-3910892.5
11_2_ç™ä›ê¸_ìåì˙ñ{ó∑ãqìSìπ,0,489899.44,-3918500.5,1,489712.0,-3918787.0,1,489706.66,-3918795.0,1,489702.4,-3918801.2,1,489627.3,-3918912.0,1,489466.88,-3919154.8,1,489405.75,-3919248.0,1,489303.12,-3919403.2,1,489215.28,-3919538.2,1,489151.06,-3919634.5,1,489138.2,-3919660.2,1,489130.34,-3919682.5,1,489125.1,-3919700.0,1,489120.16,-3919755.0,1,489118.66,-3919773.5,1,489119.97,-3919808.8,1,489131.03,-3919880.0,1,489143.5,-3919917.2
11_2_ìÏïêê¸_ìåì˙ñ{ó∑ãqìSìπ,0,482827.62,-3938188.8,1,482714.12,-3938217.8
11_2_íﬂå©ê¸_ìåì˙ñ{ó∑ãqìSìπ,0,498271.75,-3923976.0,1,498293.88,-3924040.2
12_4_ãvó¢ïlê¸_ãûïlã}çsìdìS,0,493936.03,-3891283.8,1,493961.34,-3891294.8,1,494007.22,-3891315.0,1,494085.06,-3891345.2,1,494232.22,-3891425.8,1,494250.88,-3891436.8,1,494391.56,-3891520.0,1,494413.16,-3891536.8,1,494527.3,-3891604.5,1,494551.0,-3891613.8,1,494590.88,-3891640.5,1,494631.4,-3891669.0,1,494659.44,-3891693.8,1,494678.28,-3891712.2,1,494712.0,-3891746.8,1,494729.03,-3891765.5,1,494738.88,-3891777.8,1,494744.97,-3891785.5,1,494755.53,-3891800.8,1,494766.1,-3891816.8,1,494800.53,-3891875.5,1,494829.3,-3891927.0,1,494850.56,-3891962.5,1,494858.84,-3891979.2
11_2_å‰ìaèÍê¸_ìåäCó∑ãqìSìπ,0,445333.84,-3906937.2,1,445389.56,-3906911.0,1,445411.56,-3906896.5
11_2_ëäñÕê¸_ìåì˙ñ{ó∑ãqìSìπ,0,467800.34,-3909284.0,1,467774.97,-3909305.0,1,467736.75,-3909332.5,1,467700.78,-3909356.2,1,467628.78,-3909394.8,1,467561.5,-3909433.5,1,467508.47,-3909460.8,1,467463.3,-3909484.0,1,467429.56,-3909497.5,1,467392.62,-3909508.5,1,467366.75,-3909513.5,1,467331.62,-3909522.0,1,467315.94,-3909525.5,1,467265.6,-3909547.0,1,467227.88,-3909565.5,1,467191.88,-3909587.0,1,467166.53,-3909605.5,1,467127.4,-3909637.8,1,467105.75,-3909658.8,1,467082.25,-3909689.8,1,467063.94,-3909719.0,1,467047.25,-3909754.2,1,467020.03,-3909815.5,1,467010.7,-3909840.5,1,467003.22,-3909862.2,1,466997.97,-3909887.2,1,466991.47,-3909928.2,1,466985.47,-3909971.2,1,466983.78,-3910010.2,1,466986.2,-3910044.2,1,466993.78,-3910088.2,1,466999.28,-3910119.8,1,467028.84,-3910232.5,1,467074.16,-3910405.0,1,467128.88,-3910606.5,1,467145.47,-3910680.2,1,467151.34,-3910719.5,1,467153.66,-3910754.5,1,467153.3,-3910780.8,1,467152.2,-3910820.5
12_4_ç]Émìáê¸_è¨ìcã}ìdìS,0,472564.03,-3926141.0,1,472471.53,-3926345.8,1,472369.0,-3926582.0,1,472296.78,-3926739.0
12_4_ç]Émìáê¸_è¨ìcã}ìdìS,0,473421.84,-3923301.8,1,473365.38,-3923437.0
24_5_ã‡ëÚÉVÅ[ÉTÉCÉhÉâÉCÉì_â°ïlêVìsésåí ,0,491327.06,-3907619.8,1,491404.66,-3907618.8
12_3_1çÜê¸_â°ïlés,0,479709.16,-3913454.0,1,479556.8,-3913590.8,1,479510.16,-3913631.2,1,479473.94,-3913678.0,1,479366.7,-3913824.5,1,479336.62,-3913861.0,1,479298.3,-3913897.8,1,479252.72,-3913933.2,1,479156.25,-3913989.0
12_4_ìcâÄìsésê¸_ìåãûã}çsìdìS,0,484705.16,-3932583.5,1,484721.06,-3932599.8,1,484753.2,-3932632.0,1,484815.72,-3932697.8
11_2_íﬂå©ê¸_ìåì˙ñ{ó∑ãqìSìπ,0,497436.8,-3924870.2,1,497517.8,-3924897.2
12_4_ìSìπê¸_î†ç™ìoéRìSìπ,0,439404.3,-3895086.8,1,439409.75,-3895082.0,1,439416.34,-3895074.5,1,439424.0,-3895063.8,1,439432.0,-3895048.5,1,439436.75,-3895036.0,1,439441.8,-3895018.8,1,439446.16,-3895003.2,1,439452.03,-3894984.0,1,439459.16,-3894958.0,1,439464.22,-3894939.0,1,439469.44,-3894920.2,1,439473.12,-3894909.8,1,439476.06,-3894901.8,1,439482.06,-3894890.2,1,439490.0,-3894879.8,1,439496.53,-3894872.2,1,439502.3,-3894867.5,1,439512.28,-3894862.8,1,439528.44,-3894856.0,1,439544.5,-3894849.8,1,439552.7,-3894846.5,1,439565.03,-3894843.8,1,439573.66,-3894840.8,1,439581.62,-3894836.8,1,439587.44,-3894833.8,1,439592.3,-3894829.5,1,439597.66,-3894822.2,1,439600.4,-3894814.5,1,439603.9,-3894804.8,1,439605.94,-3894794.5,1,439608.56,-3894782.5,1,439609.97,-3894772.5,1,439611.25,-3894762.0,1,439612.3,-3894744.8,1,439616.7,-3894730.2,1,439626.75,-3894698.0,1,439622.94,-3894673.8,1,439626.03,-3894645.2,1,439648.06,-3894592.0,1,439665.12,-3894573.0,1,439681.22,-3894557.2,1,439704.6,-3894539.2,1,439721.06,-3894527.2,1,439734.22,-3894518.2,1,439745.53,-3894512.2,1,439756.16,-3894507.8,1,439759.16,-3894507.0,1,439772.25,-3894504.8,1,439785.44,-3894503.5,1,439807.44,-3894502.0,1,439820.62,-3894500.2,1,439841.9,-3894497.8,1,439858.8,-3894494.2,1,439881.53,-3894488.0,1,439904.6,-3894480.2,1,439934.97,-3894465.0,1,439958.0,-3894451.5,1,439972.2,-3894439.2,1,439985.7,-3894429.8,1,440006.53,-3894413.8,1,440019.62,-3894403.0,1,440029.53,-3894397.0,1,440038.7,-3894394.8,1,440051.88,-3894392.5,1,440068.78,-3894391.0,1,440102.56,-3894390.5,1,440121.6,-3894392.8,1,440139.28,-3894399.0,1,440163.2,-3894407.2,1,440183.44,-3894417.8,1,440207.0,-3894425.8,1,440223.88,-3894435.5,1,440252.6,-3894440.5,1,440277.9,-3894442.5,1,440304.38,-3894441.0,1,440329.7,-3894444.2,1,440421.06,-3894443.2
24_5_ã‡ëÚÉVÅ[ÉTÉCÉhÉâÉCÉì_â°ïlêVìsésåí ,0,491710.0,-3906604.5,1,491711.2,-3906527.8
11_2_å‰ìaèÍê¸_ìåäCó∑ãqìSìπ,0,451942.7,-3899744.0,1,452316.66,-3899816.2
11_2_ìåäCìπê¸_ìåì˙ñ{ó∑ãqìSìπ,0,441627.22,-3884803.8,1,441557.2,-3884769.5,1,441518.44,-3884748.5,1,441490.28,-3884731.8,1,441454.88,-3884708.8,1,441419.8,-3884685.8,1,441383.2,-3884656.2,1,441356.16,-3884633.2,1,441312.75,-3884595.5,1,441289.47,-3884573.8
11_2_ìåäCìπê¸_ìåì˙ñ{ó∑ãqìSìπ,0,469848.72,-3905210.8,1,470003.62,-3905276.8,1,470198.88,-3905365.2,1,470462.47,-3905482.5,1,470684.8,-3905581.2,1,470767.9,-3905618.2,1,470851.34,-3905655.2,1,470921.12,-3905673.5,1,471041.4,-3905690.8,1,471214.56,-3905702.2,1,471407.9,-3905714.0,1,471598.88,-3905725.8,1,471762.22,-3905735.5,1,471805.03,-3905738.0,1,472026.72,-3905749.8,1,472269.06,-3905765.5,1,472446.5,-3905777.2,1,472564.84,-3905783.0,1,472717.8,-3905793.2,1,472761.2,-3905797.5,1,472838.06,-3905801.5,1,472915.34,-3905807.0,1,472938.44,-3905808.5,1,472978.16,-3905811.5
11_2_ìåäCìπê¸_ìåì˙ñ{ó∑ãqìSìπ,0,493190.34,-3923315.0,1,493276.75,-3923383.5
11_2_â°ïlê¸_ìåì˙ñ{ó∑ãqìSìπ,0,490254.94,-3921465.8,1,490347.34,-3921585.0,1,490373.6,-3921618.5,1,490396.94,-3921651.2,1,490406.84,-3921664.0,1,490468.53,-3921743.2,1,490494.7,-3921776.8,1,490518.75,-3921803.5,1,490543.53,-3921829.5,1,490564.16,-3921845.8,1,490590.47,-3921868.5,1,490614.62,-3921885.8,1,490635.16,-3921900.5,1,490657.12,-3921912.5,1,490679.1,-3921926.2,1,490697.4,-3921934.8,1,490720.1,-3921943.2,1,490736.44,-3921950.2,1,490925.0,-3922015.0,1,491013.47,-3922047.8,1,491104.12,-3922079.5,1,491125.62,-3922087.2,1,491169.56,-3922103.0,1,491208.5,-3922118.2,1,491243.25,-3922131.2,1,491279.28,-3922149.2,1,491291.8,-3922157.2,1,491316.75,-3922174.2,1,491339.72,-3922191.5,1,491355.78,-3922207.0,1,491374.22,-3922228.5,1,491395.12,-3922255.0,1,491403.28,-3922268.2,1,491420.75,-3922302.0,1,491425.2,-3922312.0,1,491427.47,-3922317.5,1,491439.47,-3922348.0,1,491450.84,-3922392.0,1,491455.78,-3922421.2,1,491457.53,-3922444.0,1,491458.53,-3922456.8,1,491458.75,-3922479.0,1,491458.03,-3922498.8,1,491454.53,-3922528.8,1,491440.44,-3922608.0,1,491439.1,-3922617.0,1,491436.03,-3922638.8,1,491427.75,-3922687.2,1,491412.94,-3922770.0,1,491389.7,-3922913.8
12_4_ìåâ°ê¸_ìåãûã}çsìdìS,0,489730.12,-3922705.2,1,489735.5,-3922715.0,1,489749.03,-3922734.0,1,489769.38,-3922760.2,1,489793.06,-3922786.5,1,489811.3,-3922803.0,1,489835.66,-3922825.2,1,489868.16,-3922855.8,1,489894.6,-3922883.5,1,489928.8,-3922916.5,1,490008.62,-3922994.5,1,490027.62,-3923016.8,1,490049.34,-3923043.0,1,490075.7,-3923089.0,1,490087.88,-3923110.2,1,490106.84,-3923143.2,1,490131.94,-3923191.0,1,490174.12,-3923279.0,1,490184.3,-3923302.8,1,490191.03,-3923324.2,1,490194.5,-3923338.2,1,490197.88,-3923354.8,1,490199.25,-3923367.0,1,490201.25,-3923381.0,1,490203.28,-3923411.5,1,490203.3,-3923441.0,1,490201.38,-3923475.0,1,490200.16,-3923523.5,1,490198.1,-3923560.5,1,490196.84,-3923646.0
12_4_ìSìπê¸_î†ç™ìoéRìSìπ,0,441072.44,-3894664.8,1,441068.1,-3894665.5,1,441063.8,-3894666.5,1,441045.88,-3894667.0,1,441019.22,-3894666.2,1,440993.16,-3894662.8,1,440968.12,-3894661.5,1,440943.9,-3894658.5,1,440918.6,-3894656.2,1,440894.1,-3894652.5,1,440871.03,-3894647.0,1,440853.8,-3894643.8,1,440829.6,-3894639.8,1,440801.53,-3894636.8,1,440781.5,-3894635.5,1,440749.28,-3894636.5,1,440669.6,-3894637.8,1,440641.28,-3894638.8,1,440599.8,-3894639.2,1,440571.62,-3894643.2,1,440558.88,-3894644.8,1,440537.88,-3894645.8,1,440519.12,-3894645.8,1,440498.12,-3894647.5,1,440434.53,-3894651.8,1,440387.4,-3894653.0,1,440365.56,-3894651.8,1,440347.34,-3894648.5,1,440335.47,-3894644.0,1,440327.16,-3894638.2,1,440313.22,-3894624.8,1,440299.8,-3894606.8,1,440290.9,-3894593.5,1,440284.16,-3894579.2,1,440281.56,-3894568.2,1,440283.0,-3894551.5,1,440296.1,-3894537.0,1,440311.2,-3894520.2,1,440329.44,-3894502.8,1,440346.62,-3894487.0,1,440359.2,-3894472.0,1,440377.38,-3894458.8,1,440389.62,-3894453.2,1,440401.25,-3894448.0,1,440421.06,-3894443.2
12_4_ñ{ê¸_ëäñÕìSìπ,0,483936.0,-3921404.0,1,484091.75,-3921405.2
13_4_ç|çıê¸_î†ç™ìoéRìSìπ,0,436466.75,-3896298.8,1,436253.28,-3896210.0
12_4_ìcâÄìsésê¸_ìåãûã}çsìdìS,0,488223.34,-3934902.5,1,488328.22,-3934968.8,1,488511.44,-3935081.0,1,488719.38,-3935211.2
12_4_ñ{ê¸_ãûïlã}çsìdìS,0,496301.38,-3927424.8,1,496266.9,-3927380.0,1,496199.03,-3927292.0,1,496008.0,-3927046.2,1,495839.56,-3926829.0,1,495654.4,-3926590.0,1,495615.75,-3926541.5,1,495499.34,-3926393.2
12_4_ãvó¢ïlê¸_ãûïlã}çsìdìS,0,492984.06,-3890402.0,1,493087.8,-3890501.2
12_4_ç]ÉmìáìdìSê¸_ç]ÉmìáìdìS,0,481330.72,-3902972.8,1,481265.75,-3902951.0,1,481226.2,-3902940.2,1,481212.38,-3902936.0,1,481186.8,-3902934.2,1,481162.0,-3902934.5,1,481135.1,-3902932.8,1,481058.44,-3902925.2,1,481014.34,-3902918.8,1,481008.06,-3902917.2,1,480967.4,-3902903.0,1,480927.28,-3902888.8,1,480884.44,-3902871.2,1,480849.94,-3902858.8,1,480830.56,-3902850.5,1,480796.1,-3902838.8,1,480757.4,-3902823.8,1,480735.3,-3902811.2,1,480706.62,-3902793.2,1,480672.03,-3902765.8
12_4_ñ{ê¸_ëäñÕìSìπ,0,485899.03,-3919838.8,1,485978.34,-3919792.2
12_4_ñ{ê¸_ëäñÕìSìπ,0,468370.28,-3918778.2,1,468437.88,-3918852.8,1,468499.84,-3918924.8,1,468539.38,-3918975.0,1,468565.56,-3919008.8,1,468588.0,-3919044.2,1,468601.5,-3919066.2,1,468610.53,-3919076.8,1,468622.1,-3919090.2,1,468630.12,-3919098.0,1,468649.16,-3919116.8,1,468663.8,-3919130.0,1,468695.66,-3919154.2,1,468709.47,-3919160.5,1,468729.9,-3919167.0,1,468745.25,-3919172.0,1,468764.88,-3919179.5,1,468785.22,-3919184.0,1,468814.2,-3919190.8,1,468844.78,-3919196.2,1,468860.06,-3919199.2,1,468872.03,-3919201.8,1,468881.75,-3919203.0,1,468900.8,-3919205.0,1,468975.16,-3919208.8,1,469048.47,-3919210.5,1,469100.47,-3919211.8,1,469129.6,-3919213.8,1,469160.84,-3919218.0,1,469202.34,-3919226.0,1,469245.12,-3919237.2,1,469266.47,-3919245.0,1,469297.34,-3919255.8,1,469307.8,-3919259.8,1,469321.06,-3919265.8,1,469333.06,-3919272.8,1,469366.34,-3919289.5,1,469414.44,-3919317.0,1,469442.0,-3919332.5,1,469481.9,-3919356.2,1,469512.66,-3919376.0,1,469520.8,-3919381.0,1,469534.1,-3919390.2,1,469534.56,-3919390.5,1,469562.12,-3919410.0,1,469604.97,-3919442.5,1,469641.9,-3919468.5,1,469673.47,-3919490.5,1,469705.12,-3919515.8,1,469712.3,-3919521.8,1,469721.88,-3919528.8,1,469733.88,-3919538.5,1,469743.88,-3919546.8,1,469755.34,-3919556.0,1,469801.4,-3919598.5,1,469820.53,-3919617.0,1,469843.38,-3919641.2,1,469859.06,-3919660.0,1,469867.25,-3919669.2,1,469877.9,-3919683.5,1,469908.44,-3919723.2,1,469939.34,-3919765.5,1,470001.78,-3919851.0,1,470040.72,-3919908.5,1,470077.8,-3919957.5,1,470096.3,-3919981.2,1,470114.2,-3920001.0,1,470129.2,-3920014.0,1,470151.22,-3920033.8,1,470165.84,-3920044.5,1,470185.5,-3920060.2,1,470209.25,-3920075.8,1,470238.44,-3920092.5,1,470284.7,-3920115.5,1,470374.2,-3920158.0
12_4_ñ{ê¸_ëäñÕìSìπ,0,487341.0,-3918767.2,1,487464.16,-3918716.0
11_2_ìåäCìπê¸_ìåì˙ñ{ó∑ãqìSìπ,0,480946.38,-3907855.5,1,480901.8,-3907712.2,1,480859.47,-3907576.5
12_3_3çÜê¸_â°ïlés,0,487726.5,-3921218.5,1,487691.47,-3921218.2,1,487616.0,-3921217.0
12_4_ç]ÉmìáìdìSê¸_ç]ÉmìáìdìS,0,480672.03,-3902765.8,1,480633.3,-3902729.8
12_3_3çÜê¸_â°ïlés,0,489363.84,-3919191.0,1,489275.44,-3919323.0
12_4_ç]ÉmìáìdìSê¸_ç]ÉmìáìdìS,0,482614.3,-3903726.8,1,482627.2,-3903656.0,1,482631.22,-3903630.0,1,482630.53,-3903612.2,1,482625.6,-3903594.0,1,482618.75,-3903578.0,1,482611.8,-3903566.2,1,482607.62,-3903559.5,1,482595.25,-3903549.5,1,482586.22,-3903540.2,1,482553.72,-3903513.5,1,482521.22,-3903487.8,1,482454.56,-3903432.0,1,482417.97,-3903401.0,1,482393.75,-3903381.0,1,482374.44,-3903364.2,1,482355.06,-3903347.5,1,482332.94,-3903329.0,1,482303.88,-3903307.2,1,482281.12,-3903290.5,1,482257.66,-3903275.5,1,482234.9,-3903264.0,1,482210.7,-3903253.8
12_4_ñ{ê¸_ãûïlã}çsìdìS,0,489144.0,-3906548.8,1,489135.22,-3906501.8,1,489122.16,-3906443.8
12_4_è¨ìcå¥ê¸_è¨ìcã}ìdìS,0,444499.22,-3906034.8,1,444511.62,-3906087.5,1,444530.84,-3906154.2,1,444546.75,-3906198.5,1,444559.72,-3906224.0,1,444572.53,-3906249.0,1,444594.16,-3906278.8,1,444601.38,-3906288.8,1,444630.94,-3906319.2,1,444649.94,-3906336.0,1,444707.3,-3906386.5,1,444793.4,-3906462.5,1,444812.6,-3906479.5,1,444895.56,-3906551.0,1,444933.22,-3906586.0,1,444988.56,-3906634.8
12_4_ëÂétê¸_ãûïlã}çsìdìS,0,499956.2,-3927861.8,1,499879.22,-3927861.2
12_4_ñ{ê¸_ãûïlã}çsìdìS,0,497602.44,-3896471.5,1,497598.0,-3896499.2,1,497591.62,-3896521.8,1,497583.25,-3896546.8,1,497538.1,-3896657.5,1,497501.9,-3896748.5,1,497469.72,-3896849.5,1,497448.1,-3896915.0,1,497403.9,-3897005.8,1,497377.9,-3897047.2,1,497361.53,-3897064.5,1,497328.25,-3897099.2,1,497317.34,-3897109.2,1,497260.25,-3897157.0,1,497218.84,-3897185.8,1,497192.3,-3897201.2,1,497154.0,-3897215.8,1,497113.44,-3897226.2,1,497073.4,-3897234.0,1,497042.4,-3897238.5
11_2_ìåäCìπê¸_ìåì˙ñ{ó∑ãqìSìπ,0,444410.84,-3885963.0,1,444434.34,-3885977.0,1,444453.03,-3885990.2,1,444483.5,-3886013.5,1,444512.78,-3886037.0,1,444569.34,-3886094.0,1,444600.72,-3886130.0,1,444635.9,-3886168.2
12_4_ç]Émìáê¸_è¨ìcã}ìdìS,0,474992.22,-3918440.8,1,474998.94,-3918564.0,1,474999.7,-3918579.5,1,475008.53,-3918758.0,1,475016.97,-3918952.5,1,475017.75,-3918968.0,1,475024.2,-3919099.5,1,475034.25,-3919318.0,1,475035.9,-3919361.0,1,475034.12,-3919404.5,1,475033.12,-3919430.5,1,475033.03,-3919433.5,1,475029.47,-3919455.0,1,475027.12,-3919466.5,1,475020.97,-3919499.5,1,475011.16,-3919532.8,1,475000.56,-3919565.5,1,474993.1,-3919592.0,1,474981.03,-3919622.0,1,474944.44,-3919709.5,1,474871.78,-3919887.0,1,474811.3,-3920033.0,1,474727.4,-3920231.0,1,474673.6,-3920359.2,1,474648.47,-3920419.0
12_4_ñ{ê¸_ãûïlã}çsìdìS,0,488950.16,-3904754.8,1,488946.0,-3904722.2,1,488940.16,-3904696.5,1,488931.4,-3904661.8,1,488921.1,-3904626.2,1,488910.7,-3904592.0,1,488896.8,-3904539.2,1,488890.78,-3904514.5,1,488884.28,-3904486.2,1,488876.88,-3904455.0,1,488872.5,-3904433.0,1,488868.1,-3904411.5,1,488865.16,-3904384.0,1,488862.84,-3904357.2,1,488864.34,-3904326.2,1,488865.6,-3904306.0,1,488873.47,-3904260.0,1,488877.06,-3904242.0,1,488886.12,-3904208.2,1,488899.25,-3904171.0,1,488924.1,-3904120.2,1,488954.75,-3904056.2,1,488989.0,-3903986.8,1,489002.88,-3903956.8,1,489018.28,-3903926.8,1,489038.7,-3903887.8,1,489049.66,-3903867.2,1,489059.94,-3903852.2,1,489081.06,-3903821.8,1,489100.03,-3903798.8,1,489118.38,-3903778.2,1,489125.62,-3903769.5,1,489131.9,-3903764.0,1,489170.6,-3903734.2,1,489185.12,-3903721.5,1,489197.2,-3903711.0,1,489243.6,-3903673.5,1,489289.38,-3903637.5,1,489318.88,-3903609.8,1,489345.38,-3903579.2,1,489361.16,-3903555.5,1,489386.03,-3903520.0
11_2_ëäñÕê¸_ìåì˙ñ{ó∑ãqìSìπ,0,464021.3,-3934424.0,1,464074.0,-3934390.2,1,464107.53,-3934368.8,1,464186.66,-3934317.8
12_4_ç]Émìáê¸_è¨ìcã}ìdìS,0,472388.94,-3927305.5,1,472353.6,-3927256.0
11_2_ç™ä›ê¸_ìåì˙ñ{ó∑ãqìSìπ,0,488873.22,-3911392.2,1,488980.9,-3911228.2
14_4_ç]ÇÃìáê¸_è√ìÏÉÇÉmÉåÅ[Éã,0,477265.06,-3903276.5,1,477202.88,-3903233.8,1,477197.78,-3903230.8,1,477036.12,-3903117.8,1,477031.84,-3903114.2,1,476972.75,-3903070.2,1,476969.75,-3903067.5
12_4_ãvó¢ïlê¸_ãûïlã}çsìdìS,0,491931.94,-3889311.8,1,492048.22,-3889418.8
12_4_ëäñÕå¥ê¸_ãûâ§ìdìS,0,481132.8,-3938727.5,1,481166.03,-3938764.2,1,481194.8,-3938800.5,1,481220.72,-3938845.8,1,481237.53,-3938882.2,1,481249.47,-3938913.2,1,481264.03,-3938961.0,1,481270.06,-3938988.0,1,481276.75,-3939024.5,1,481289.72,-3939109.2,1,481295.72,-3939166.2,1,481300.0,-3939217.2,1,481307.94,-3939290.0,1,481310.7,-3939315.2,1,481318.25,-3939384.0,1,481326.8,-3939448.0,1,481337.12,-3939520.2,1,481346.8,-3939566.8,1,481357.03,-3939610.0,1,481369.06,-3939648.0,1,481383.72,-3939683.8
11_2_ëäñÕê¸_ìåì˙ñ{ó∑ãqìSìπ,0,468963.38,-3908062.5,1,468947.25,-3908134.0,1,468933.97,-3908175.0,1,468918.84,-3908213.8,1,468900.53,-3908253.8,1,468871.53,-3908304.5,1,468847.16,-3908345.8,1,468821.38,-3908380.5,1,468793.78,-3908415.0,1,468752.06,-3908459.2,1,468667.3,-3908541.2,1,468566.3,-3908627.0,1,468481.0,-3908700.5,1,468462.88,-3908716.2,1,468447.84,-3908729.2,1,468438.4,-3908737.0,1,468435.97,-3908739.0,1,468346.56,-3908814.2,1,468189.6,-3908945.5,1,468019.03,-3909091.2,1,467910.47,-3909187.0,1,467875.88,-3909216.2
12_4_ç]Émìáê¸_è¨ìcã}ìdìS,0,472388.94,-3927305.5,1,472474.75,-3927411.5
11_2_ìåäCìπê¸_ìåì˙ñ{ó∑ãqìSìπ,0,492941.44,-3923073.8,1,492966.97,-3923114.8,1,493000.22,-3923163.2,1,493053.94,-3923227.2,1,493076.56,-3923247.8,1,493104.3,-3923266.5,1,493190.34,-3923315.0
12_4_ìcâÄìsésê¸_ìåãûã}çsìdìS,0,485520.2,-3933204.8,1,485511.66,-3933202.5,1,485443.3,-3933185.2,1,485398.1,-3933169.8,1,485348.22,-3933151.8,1,485304.88,-3933133.2,1,485289.28,-3933126.0,1,485249.3,-3933102.5,1,485184.62,-3933064.8,1,485128.94,-3933025.2,1,485088.56,-3932992.0,1,485084.5,-3932988.5,1,485040.47,-3932945.5,1,485018.97,-3932923.2,1,484958.5,-3932856.5,1,484901.7,-3932796.8,1,484882.9,-3932774.2,1,484815.72,-3932697.8
12_4_ìåâ°ê¸_ìåãûã}çsìdìS,0,492634.44,-3932289.0,1,492631.16,-3932281.0
12_4_ìåâ°ê¸_ìåãûã}çsìdìS,0,489865.6,-3921953.8,1,489846.1,-3922019.5
11_2_ìåäCìπê¸_ìåì˙ñ{ó∑ãqìSìπ,0,496396.4,-3927705.2,1,496445.0,-3927776.8,1,496466.25,-3927807.5,1,496518.94,-3927880.8,1,496520.38,-3927882.8,1,496581.25,-3927969.8,1,496648.0,-3928065.2,1,496758.84,-3928224.2,1,496853.06,-3928362.8,1,496901.4,-3928442.0,1,496937.5,-3928513.8,1,496955.2,-3928553.2,1,496980.34,-3928618.0,1,497009.8,-3928692.2
12_4_ìSìπê¸_î†ç™ìoéRìSìπ,0,441969.0,-3894528.0,1,441941.16,-3894499.0,1,441918.62,-3894477.5,1,441904.9,-3894464.8,1,441891.66,-3894455.8,1,441867.47,-3894446.8,1,441835.7,-3894431.2,1,441784.97,-3894409.2,1,441762.06,-3894398.5,1,441744.47,-3894393.8,1,441725.16,-3894391.8,1,441711.97,-3894392.2,1,441694.78,-3894396.0,1,441680.38,-3894403.8,1,441656.25,-3894420.0,1,441640.16,-3894432.2,1,441626.12,-3894444.5,1,441615.16,-3894454.0,1,441600.3,-3894466.8,1,441587.25,-3894483.8,1,441559.25,-3894504.2,1,441529.97,-3894518.8,1,441492.2,-3894532.5,1,441467.66,-3894540.2,1,441358.88,-3894575.2,1,441337.0,-3894582.2,1,441313.28,-3894590.2,1,441288.78,-3894598.5,1,441279.78,-3894601.8,1,441261.62,-3894608.5,1,441243.38,-3894615.2,1,441239.56,-3894616.8,1,441191.25,-3894632.2,1,441164.47,-3894638.5,1,441129.03,-3894648.5,1,441126.03,-3894649.8,1,441123.03,-3894651.0
11_2_ëäñÕê¸_ìåì˙ñ{ó∑ãqìSìπ,0,469701.12,-3905188.0,1,469852.4,-3905252.8,1,469880.25,-3905265.8,1,469905.3,-3905280.8,1,469939.6,-3905313.0,1,469957.22,-3905340.5,1,469970.12,-3905366.2,1,469978.38,-3905388.8,1,469981.9,-3905412.2,1,469980.34,-3905430.2,1,469976.03,-3905447.5,1,469956.1,-3905496.8,1,469911.88,-3905591.0,1,469857.5,-3905710.8,1,469814.28,-3905806.8,1,469756.8,-3905933.2,1,469682.38,-3906093.8
12_4_ñ{ê¸_ãûïlã}çsìdìS,0,491000.4,-3900247.5,1,491020.6,-3900245.5,1,491029.84,-3900245.0,1,491059.5,-3900239.5,1,491091.03,-3900232.5
11_2_ìÏïêê¸_ìåì˙ñ{ó∑ãqìSìπ,0,494917.62,-3927040.2,1,494926.66,-3926985.0,1,494928.28,-3926975.0,1,494932.44,-3926948.0,1,494937.97,-3926928.2,1,494950.9,-3926899.5,1,494963.4,-3926870.2,1,494984.78,-3926818.5,1,495001.9,-3926786.8,1,495018.47,-3926756.5,1,495034.7,-3926735.5,1,495052.8,-3926715.8,1,495125.56,-3926641.5,1,495164.2,-3926603.0,1,495212.12,-3926555.2,1,495276.2,-3926493.5,1,495307.62,-3926463.5,1,495334.2,-3926443.5,1,495376.88,-3926414.8,1,495395.28,-3926404.8,1,495433.34,-3926384.2
13_4_ç|çıê¸_î†ç™ìoéRìSìπ,0,435847.62,-3896036.0,1,435775.5,-3896003.8
12_4_ìSìπê¸_î†ç™ìoéRìSìπ,0,440564.84,-3894429.8,1,440460.97,-3894439.8,1,440421.06,-3894443.2
12_3_1çÜê¸_â°ïlés,0,489384.88,-3916889.2,1,489405.4,-3916900.8,1,489519.22,-3916964.2
12_4_ç]ÉmìáìdìSê¸_ç]ÉmìáìdìS,0,476477.3,-3904079.8,1,476497.1,-3904132.8
11_2_ìåäCìπê¸_ìåì˙ñ{ó∑ãqìSìπ,0,464174.28,-3904803.2,1,464043.28,-3904772.0,1,463919.1,-3904743.8,1,463803.56,-3904717.2,1,463659.53,-3904681.5,1,463609.03,-3904665.0,1,463573.7,-3904647.5
11_2_íﬂå©ê¸_ìåì˙ñ{ó∑ãqìSìπ,0,496235.56,-3922968.8,1,496228.22,-3922982.2,1,495983.1,-3923437.8,1,495966.88,-3923461.2,1,495952.8,-3923478.8,1,495942.75,-3923487.8,1,495926.06,-3923501.0,1,495915.62,-3923505.8,1,495902.03,-3923510.5,1,495892.88,-3923513.8
12_4_ìSìπê¸_î†ç™ìoéRìSìπ,0,437352.25,-3895349.5,1,437419.62,-3895316.8
12_4_ëÂóYéRê¸_à…ì§î†ç™ìSìπ,0,442078.5,-3903990.2,1,442287.1,-3903931.0,1,442529.0,-3903860.2
12_4_ç]Émìáê¸_è¨ìcã}ìdìS,0,477697.53,-3903654.2,1,477690.1,-3903655.5
12_3_3çÜê¸_â°ïlés,0,488639.7,-3921227.0,1,488473.84,-3921221.5
11_2_ìÏïêê¸_ìåì˙ñ{ó∑ãqìSìπ,0,496146.84,-3925871.0,1,496219.28,-3925813.2
12_4_ñ{ê¸_ãûïlã}çsìdìS,0,491325.06,-3922138.0,1,491377.34,-3922152.0,1,491413.16,-3922161.5,1,491432.12,-3922165.5,1,491493.1,-3922172.0,1,491581.9,-3922182.0,1,491612.56,-3922185.5,1,491630.9,-3922187.8,1,491666.8,-3922191.8,1,491693.12,-3922195.0,1,491712.72,-3922197.2,1,491761.8,-3922206.0,1,491794.38,-3922211.0,1,491832.75,-3922222.0,1,491877.94,-3922236.2,1,491935.3,-3922259.8,1,491976.12,-3922275.5,1,492037.03,-3922303.5,1,492122.3,-3922345.8,1,492199.9,-3922385.0
11_2_íﬂå©ê¸_ìåì˙ñ{ó∑ãqìSìπ,0,495345.28,-3923366.2,1,495245.66,-3923338.8
12_4_ñ{ê¸_ãûïlã}çsìdìS,0,496873.66,-3897242.5,1,497042.4,-3897238.5
12_4_ç]Émìáê¸_è¨ìcã}ìdìS,0,475429.9,-3910962.0,1,475464.34,-3910845.2,1,475466.7,-3910837.5,1,475516.5,-3910652.8,1,475556.4,-3910488.8,1,475590.12,-3910372.5,1,475597.75,-3910332.2,1,475605.38,-3910258.8,1,475609.06,-3910181.5,1,475611.66,-3910000.5,1,475612.38,-3909866.0,1,475613.12,-3909710.5,1,475611.9,-3909258.2,1,475615.38,-3909096.2,1,475629.47,-3908870.0,1,475631.75,-3908841.8,1,475642.2,-3908698.5
11_2_ìåäCìπê¸_ìåì˙ñ{ó∑ãqìSìπ,0,492722.56,-3922798.2,1,492784.8,-3922848.2,1,492854.44,-3922913.8,1,492883.56,-3922944.0,1,492905.0,-3922969.8,1,492925.78,-3922998.0,1,492942.7,-3923025.2,1,492970.22,-3923074.0,1,492977.2,-3923087.0
11_2_ç™ä›ê¸_ìåì˙ñ{ó∑ãqìSìπ,0,480908.3,-3907609.8,1,480889.38,-3907543.5
12_4_ç]Émìáê¸_è¨ìcã}ìdìS,0,475642.2,-3908698.5,1,475646.6,-3908623.2
11_2_íÜâõê¸_ìåì˙ñ{ó∑ãqìSìπ,0,447179.9,-3936697.2,1,447218.0,-3936689.5,1,447272.9,-3936680.2,1,447306.5,-3936677.5,1,447344.53,-3936677.8,1,447382.25,-3936684.8,1,447467.16,-3936706.8,1,447505.84,-3936721.5,1,447540.8,-3936741.8,1,447575.8,-3936763.0,1,447610.66,-3936787.0,1,447670.2,-3936839.5
11_2_å‰ìaèÍê¸_ìåäCó∑ãqìSìπ,0,451266.88,-3899982.8,1,451290.62,-3899949.0,1,451326.47,-3899903.2,1,451370.72,-3899858.0,1,451393.78,-3899837.5,1,451410.53,-3899822.5,1,451476.9,-3899771.0,1,451536.72,-3899730.5,1,451583.72,-3899708.0,1,451622.56,-3899694.2,1,451658.1,-3899688.8,1,451694.1,-3899687.2,1,451742.88,-3899691.8,1,451810.25,-3899707.5,1,451924.84,-3899739.2
12_5_Ç›Ç»Ç∆Ç›ÇÁÇ¢ê¸_â°ïlçÇë¨ìSìπ,0,490175.66,-3919055.5,1,490184.88,-3919041.2,1,490226.56,-3918972.8,1,490239.6,-3918945.8,1,490252.4,-3918896.8,1,490260.44,-3918843.2,1,490263.88,-3918753.5,1,490262.03,-3918736.8,1,490242.53,-3918560.8,1,490239.12,-3918524.5,1,490240.66,-3918504.5,1,490243.8,-3918483.0,1,490249.5,-3918458.8,1,490258.0,-3918437.2,1,490268.4,-3918422.5,1,490282.84,-3918407.8,1,490366.06,-3918349.0
12_4_ìSìπê¸_î†ç™ìoéRìSìπ,0,438256.47,-3895535.2,1,438307.97,-3895482.0
11_2_íﬂå©ê¸_ìåì˙ñ{ó∑ãqìSìπ,0,495345.28,-3923366.2,1,495245.66,-3923338.8
11_2_íÜâõê¸_ìåì˙ñ{ó∑ãqìSìπ,0,450852.16,-3937406.8,1,450890.56,-3937475.8,1,450950.7,-3937571.2,1,451065.25,-3937771.5,1,451085.94,-3937808.0,1,451109.88,-3937849.2,1,451160.7,-3937935.8,1,451361.53,-3938293.5,1,451383.12,-3938318.5
12_4_ãvó¢ïlê¸_ãûïlã}çsìdìS,0,495121.56,-3897598.5,1,495128.94,-3897594.5
11_2_â°ê{âÍê¸_ìåì˙ñ{ó∑ãqìSìπ,0,482641.88,-3903744.5,1,482643.9,-3903707.0,1,482649.28,-3903662.5,1,482655.47,-3903623.2,1,482658.88,-3903603.5,1,482672.4,-3903549.5,1,482679.28,-3903521.2,1,482683.25,-3903507.5,1,482686.4,-3903493.8,1,482703.12,-3903444.0,1,482715.06,-3903412.0,1,482728.1,-3903379.2,1,482754.34,-3903325.8,1,482768.84,-3903299.0,1,482788.75,-3903263.8,1,482821.75,-3903211.5,1,482841.72,-3903188.2,1,482871.28,-3903154.5,1,482907.12,-3903115.0,1,482931.25,-3903091.5,1,482963.56,-3903063.0,1,482991.6,-3903041.5,1,483019.94,-3903019.8,1,483053.6,-3902994.5,1,483083.28,-3902973.5,1,483116.34,-3902953.2,1,483170.1,-3902927.0,1,483207.34,-3902911.2,1,483271.5,-3902887.5,1,483330.72,-3902870.0,1,483387.97,-3902856.2,1,483392.88,-3902855.0,1,483418.22,-3902848.8,1,483447.94,-3902841.8,1,483480.12,-3902835.2,1,483519.72,-3902827.8
11_2_íﬂå©ê¸_ìåì˙ñ{ó∑ãqìSìπ,0,495884.47,-3923563.2,1,495829.3,-3923540.5
12_4_ç]Émìáê¸_è¨ìcã}ìdìS,0,474984.8,-3918323.8,1,474992.22,-3918440.8
13_4_ç|çıê¸_î†ç™ìoéRìSìπ,0,435847.62,-3896036.0,1,435775.5,-3896003.8
11_2_â°ïlê¸_ìåì˙ñ{ó∑ãqìSìπ,0,490254.94,-3921465.8,1,490347.34,-3921585.0,1,490373.6,-3921618.5,1,490396.94,-3921651.2,1,490406.84,-3921664.0,1,490468.53,-3921743.2,1,490494.7,-3921776.8,1,490518.75,-3921803.5,1,490543.53,-3921829.5,1,490564.16,-3921845.8,1,490590.47,-3921868.5,1,490614.62,-3921885.8,1,490635.16,-3921900.5,1,490657.12,-3921912.5,1,490679.1,-3921926.2,1,490697.4,-3921934.8,1,490720.1,-3921943.2,1,490736.44,-3921950.2,1,490925.0,-3922015.0,1,491013.47,-3922047.8,1,491104.12,-3922079.5,1,491125.62,-3922087.2,1,491169.56,-3922103.0,1,491208.5,-3922118.2,1,491243.25,-3922131.2,1,491279.28,-3922149.2,1,491291.8,-3922157.2,1,491316.75,-3922174.2,1,491339.72,-3922191.5,1,491355.78,-3922207.0,1,491374.22,-3922228.5,1,491395.12,-3922255.0,1,491403.28,-3922268.2,1,491420.75,-3922302.0,1,491425.2,-3922312.0,1,491427.47,-3922317.5,1,491439.47,-3922348.0,1,491450.84,-3922392.0,1,491455.78,-3922421.2,1,491457.53,-3922444.0,1,491458.53,-3922456.8,1,491458.75,-3922479.0,1,491458.03,-3922498.8,1,491454.53,-3922528.8,1,491440.44,-3922608.0,1,491439.1,-3922617.0,1,491436.03,-3922638.8,1,491427.75,-3922687.2,1,491412.94,-3922770.0,1,491389.7,-3922913.8
12_4_ëÂóYéRê¸_à…ì§î†ç™ìSìπ,0,446975.66,-3897334.2,1,447006.38,-3897393.2
12_4_ñ{ê¸_ãûïlã}çsìdìS,0,486876.8,-3915478.8,1,486897.94,-3915393.2
12_4_ëΩñÄê¸_è¨ìcã}ìdìS,0,478742.72,-3935232.8,1,478888.72,-3935375.0
12_4_ñ{ê¸_ëäñÕìSìπ,0,488638.75,-3919346.8,1,488696.28,-3919422.8
11_2_â°ê{âÍê¸_ìåì˙ñ{ó∑ãqìSìπ,0,482189.1,-3905839.8,1,482247.94,-3905774.0,1,482263.47,-3905757.0,1,482289.66,-3905726.8,1,482328.56,-3905683.2,1,482362.75,-3905646.5,1,482391.3,-3905610.5,1,482407.97,-3905587.2,1,482436.53,-3905546.5,1,482443.7,-3905532.2,1,482455.53,-3905502.0,1,482466.66,-3905473.0,1,482472.94,-3905440.2,1,482475.34,-3905408.8
11_2_ç™ä›ê¸_ìåì˙ñ{ó∑ãqìSìπ,0,491352.34,-3915827.8,1,491334.5,-3915882.0,1,491324.94,-3915924.0,1,491320.5,-3915948.8,1,491318.0,-3915972.0,1,491313.4,-3916019.5,1,491314.0,-3916066.2,1,491309.53,-3916157.2,1,491305.75,-3916256.5,1,491302.1,-3916350.2,1,491301.12,-3916375.5,1,491297.22,-3916456.0,1,491294.78,-3916475.2,1,491291.62,-3916497.8,1,491287.2,-3916515.5,1,491282.12,-3916531.0,1,491275.8,-3916549.0,1,491271.62,-3916558.8,1,491266.84,-3916570.0,1,491261.6,-3916582.8,1,491239.22,-3916637.8,1,491236.22,-3916645.0,1,491203.9,-3916723.2,1,491196.75,-3916740.5,1,491185.53,-3916768.0,1,491172.47,-3916799.8,1,491155.47,-3916841.5,1,491129.9,-3916898.0,1,491105.66,-3916962.2
11_2_ìÏïêê¸_ìåì˙ñ{ó∑ãqìSìπ,0,493999.53,-3929463.2,1,494037.88,-3929370.0,1,494077.7,-3929255.8,1,494109.34,-3929170.2,1,494165.2,-3929019.5,1,494255.4,-3928780.0,1,494341.9,-3928549.8,1,494453.38,-3928234.0
12_4_ìcâÄìsésê¸_ìåãûã}çsìdìS,0,476773.0,-3926932.0,1,476781.25,-3926974.2,1,476813.12,-3927094.5,1,476826.28,-3927141.0,1,476835.88,-3927167.0,1,476845.53,-3927187.8,1,476860.75,-3927212.5,1,476863.56,-3927217.0,1,476880.66,-3927238.0,1,476898.84,-3927257.0,1,476916.47,-3927273.8,1,476930.94,-3927285.8,1,476943.75,-3927295.0,1,476964.25,-3927307.0,1,476990.03,-3927319.0,1,477024.7,-3927330.5,1,477056.2,-3927337.5,1,477080.12,-3927341.8,1,477123.72,-3927344.5,1,477211.22,-3927346.2,1,477235.44,-3927347.8,1,477270.44,-3927349.5,1,477391.12,-3927354.8,1,477496.66,-3927359.5
12_4_ç]Émìáê¸_è¨ìcã}ìdìS,0,475410.03,-3911040.8,1,475429.9,-3910962.0
12_4_è¨ìcå¥ê¸_è¨ìcã}ìdìS,0,484460.25,-3937243.8,1,484467.62,-3937256.8,1,484539.5,-3937390.2,1,484626.6,-3937551.2,1,484627.25,-3937552.5,1,484706.8,-3937701.2,1,484783.7,-3937843.5
11_2_â°ïlê¸_ìåì˙ñ{ó∑ãqìSìπ,0,466501.06,-3932828.5,1,466517.72,-3932817.0,1,466734.16,-3932674.0,1,466878.97,-3932580.8,1,466938.62,-3932542.2,1,467107.4,-3932434.0,1,467246.5,-3932343.2,1,467368.72,-3932265.5,1,467469.06,-3932200.2,1,467642.2,-3932085.2,1,467779.94,-3931998.2
12_4_êÄéqê¸_ãûïlã}çsìdìS,0,486477.0,-3902384.2,1,486529.34,-3902443.2
11_2_å‰ìaèÍê¸_ìåäCó∑ãqìSìπ,0,451266.88,-3899982.8,1,451290.62,-3899949.0,1,451326.47,-3899903.2,1,451370.72,-3899858.0,1,451393.78,-3899837.5,1,451410.53,-3899822.5,1,451476.9,-3899771.0,1,451536.72,-3899730.5,1,451583.72,-3899708.0,1,451622.56,-3899694.2,1,451658.1,-3899688.8,1,451694.1,-3899687.2,1,451742.88,-3899691.8,1,451810.25,-3899707.5,1,451924.84,-3899739.2
12_4_ñ{ê¸_ëäñÕìSìπ,0,482586.34,-3921061.0,1,482691.2,-3921097.0
12_4_ç]Émìáê¸_è¨ìcã}ìdìS,0,476831.06,-3906003.2,1,476962.28,-3906007.0
12_4_ñ{ê¸_ãûïlã}çsìdìS,0,491200.38,-3922087.5,1,491215.8,-3922095.2,1,491248.4,-3922112.8,1,491282.44,-3922125.0,1,491306.47,-3922131.8,1,491325.06,-3922138.0
11_2_ìåäCìπê¸_ìåì˙ñ{ó∑ãqìSìπ,0,469848.72,-3905210.8,1,469608.53,-3905106.0,1,469573.75,-3905091.8,1,469558.1,-3905084.2
12_4_è¨ìcå¥ê¸_è¨ìcã}ìdìS,0,445571.62,-3903016.5,1,445630.03,-3902572.2,1,445633.5,-3902545.8,1,445679.56,-3902207.8,1,445727.0,-3901845.0,1,445756.75,-3901637.0,1,445769.9,-3901585.8
12_5_Ç›Ç»Ç∆Ç›ÇÁÇ¢ê¸_â°ïlçÇë¨ìSìπ,0,490960.4,-3918001.0,1,491137.6,-3917877.8
12_4_ìcâÄìsésê¸_ìåãûã}çsìdìS,0,477496.66,-3927359.5,1,477699.0,-3927364.0
11_2_íﬂå©ê¸_ìåì˙ñ{ó∑ãqìSìπ,0,497264.34,-3923338.0,1,497241.94,-3923379.5,1,497153.38,-3923543.5,1,497133.44,-3923581.2,1,497112.78,-3923619.8,1,496982.25,-3923862.2,1,496974.56,-3923876.5,1,496968.38,-3923889.5,1,496961.88,-3923900.8,1,496956.25,-3923910.2,1,496947.72,-3923923.0,1,496937.03,-3923936.8,1,496925.97,-3923948.5,1,496913.47,-3923959.2,1,496901.66,-3923967.5,1,496893.4,-3923972.8,1,496875.2,-3923981.8,1,496859.78,-3923987.0,1,496847.25,-3923990.8,1,496835.1,-3923993.2,1,496819.78,-3923994.8,1,496802.47,-3923994.8,1,496777.53,-3923994.0,1,496753.12,-3923987.2
11_2_â°ïlê¸_ìåì˙ñ{ó∑ãqìSìπ,0,467779.94,-3931998.2,1,467814.94,-3931975.5,1,467888.44,-3931927.8,1,467918.62,-3931908.2
12_4_ç]Émìáê¸_è¨ìcã}ìdìS,0,474984.8,-3918323.8,1,474992.22,-3918440.8
12_3_3çÜê¸_â°ïlés,0,487722.4,-3922660.5,1,487800.66,-3922777.0
12_4_ìSìπê¸_î†ç™ìoéRìSìπ,0,436954.3,-3896465.8,1,436961.66,-3896435.5,1,436971.88,-3896386.5,1,436982.3,-3896332.2,1,436984.0,-3896313.8,1,436983.88,-3896294.8,1,436977.47,-3896264.2,1,436961.28,-3896186.8,1,436946.47,-3896124.8,1,436941.06,-3896093.8,1,436936.47,-3896062.8,1,436936.78,-3896038.8,1,436940.12,-3896024.0,1,436951.88,-3896013.8,1,436971.88,-3896010.8,1,437006.84,-3896012.8,1,437054.53,-3896028.0,1,437097.28,-3896042.2,1,437114.34,-3896047.2,1,437126.62,-3896048.5,1,437136.2,-3896047.5
13_4_ç|çıê¸_î†ç™ìoéRìSìπ,0,436946.28,-3896499.5,1,436887.12,-3896470.5
14_4_ç]ÇÃìáê¸_è√ìÏÉÇÉmÉåÅ[Éã,0,478430.06,-3903864.0,1,478448.16,-3903876.5,1,478481.5,-3903897.2
12_4_ç]ÉmìáìdìSê¸_ç]ÉmìáìdìS,0,476720.7,-3904730.2,1,476718.06,-3904696.2,1,476712.44,-3904666.8,1,476699.25,-3904622.0,1,476674.6,-3904550.5,1,476647.6,-3904475.5,1,476632.62,-3904444.0,1,476606.97,-3904411.5,1,476590.12,-3904388.8,1,476577.5,-3904358.8,1,476536.66,-3904242.2,1,476497.1,-3904132.8
12_4_ãvó¢ïlê¸_ãûïlã}çsìdìS,0,490121.06,-3888195.0,1,490144.3,-3888224.8,1,490168.75,-3888260.2,1,490187.72,-3888283.2,1,490211.3,-3888308.8
12_4_ç]ÉmìáìdìSê¸_ç]ÉmìáìdìS,0,482615.03,-3903770.5,1,482614.3,-3903726.8
12_4_ñ{ê¸_ëäñÕìSìπ,0,476563.38,-3920578.2,1,476617.72,-3920583.2,1,476673.62,-3920587.5,1,476695.7,-3920588.8,1,476704.12,-3920589.0,1,476736.88,-3920589.8,1,476844.56,-3920592.0,1,476951.53,-3920591.5,1,476978.22,-3920591.5,1,477057.78,-3920590.5,1,477070.47,-3920590.5,1,477201.84,-3920589.0,1,477214.9,-3920588.8,1,477299.38,-3920588.2,1,477320.97,-3920588.0,1,477414.3,-3920588.0,1,477505.22,-3920588.2,1,477602.4,-3920585.0,1,477654.2,-3920581.8,1,477678.22,-3920577.2,1,477706.78,-3920569.5,1,477748.4,-3920558.8,1,477760.0,-3920555.2,1,477777.7,-3920549.2,1,477812.22,-3920534.0,1,477877.0,-3920504.5,1,478024.34,-3920427.8,1,478082.88,-3920400.8,1,478177.4,-3920357.5,1,478242.56,-3920324.8
12_4_ñ{ê¸_ëäñÕìSìπ,0,485899.03,-3919838.8,1,485978.34,-3919792.2
12_4_è¨ìcå¥ê¸_è¨ìcã}ìdìS,0,469865.72,-3923860.5,1,469766.78,-3923731.2
12_3_1çÜê¸_â°ïlés,0,483386.97,-3913099.2,1,483314.25,-3913112.0,1,483262.34,-3913120.8,1,483217.66,-3913124.8,1,483215.94,-3913124.8,1,483152.28,-3913124.8,1,483075.38,-3913121.2,1,482993.38,-3913116.2,1,482900.25,-3913101.2,1,482806.78,-3913076.0
11_2_ìåäCìπê¸_ìåì˙ñ{ó∑ãqìSìπ,0,485320.88,-3917968.2,1,485670.2,-3917911.2,1,486104.16,-3917834.5,1,486130.28,-3917831.5,1,486368.25,-3917787.0,1,486518.97,-3917764.2,1,486717.3,-3917730.2,1,486812.5,-3917727.0,1,486891.94,-3917744.2,1,486921.0,-3917753.8,1,486945.88,-3917764.0,1,486977.66,-3917780.0,1,487012.28,-3917802.5,1,487040.97,-3917818.0,1,487066.25,-3917834.2,1,487087.22,-3917853.8
11_2_íﬂå©ê¸_ìåì˙ñ{ó∑ãqìSìπ,0,496285.3,-3922877.0,1,496235.56,-3922968.8
13_4_ëÂéRç|çıê¸_ëÂéRäœåıìdìS,0,454566.7,-3916180.5,1,454497.56,-3916226.0,1,454463.9,-3916251.2,1,454463.66,-3916251.5,1,454292.1,-3916380.0
12_4_Ç¢Ç∏Ç›ñÏê¸_ëäñÕìSìπ,0,475722.28,-3912549.5,1,475922.34,-3912614.2,1,475940.06,-3912622.0,1,475987.84,-3912653.8,1,476024.97,-3912683.5,1,476043.72,-3912702.2,1,476052.8,-3912711.5,1,476070.94,-3912730.2,1,476100.38,-3912765.5,1,476126.0,-3912803.5,1,476139.75,-3912826.2,1,476151.1,-3912850.5,1,476171.8,-3912897.2,1,476231.66,-3913036.2,1,476249.56,-3913078.0,1,476265.38,-3913107.2,1,476282.3,-3913134.8,1,476302.1,-3913164.5,1,476365.9,-3913256.2,1,476438.9,-3913358.0,1,476443.56,-3913364.2
12_4_ç]ÉmìáìdìSê¸_ç]ÉmìáìdìS,0,482614.3,-3903726.8,1,482627.2,-3903656.0,1,482631.22,-3903630.0,1,482630.53,-3903612.2,1,482625.6,-3903594.0,1,482618.75,-3903578.0,1,482611.8,-3903566.2,1,482607.62,-3903559.5,1,482595.25,-3903549.5,1,482586.22,-3903540.2,1,482553.72,-3903513.5,1,482521.22,-3903487.8,1,482454.56,-3903432.0,1,482417.97,-3903401.0,1,482393.75,-3903381.0,1,482374.44,-3903364.2,1,482355.06,-3903347.5,1,482332.94,-3903329.0,1,482303.88,-3903307.2,1,482281.12,-3903290.5,1,482257.66,-3903275.5,1,482234.9,-3903264.0,1,482210.7,-3903253.8
12_4_ç]Émìáê¸_è¨ìcã}ìdìS,0,475051.6,-3912363.8,1,475071.56,-3912289.8,1,475127.8,-3912079.2,1,475146.88,-3912010.5,1,475152.47,-3911990.0,1,475181.94,-3911883.2,1,475229.88,-3911709.8,1,475279.62,-3911510.5,1,475336.6,-3911313.0,1,475341.1,-3911296.8,1,475345.75,-3911279.2,1,475369.84,-3911189.2,1,475410.03,-3911040.8
14_4_ç]ÇÃìáê¸_è√ìÏÉÇÉmÉåÅ[Éã,0,477313.44,-3903310.0,1,477265.06,-3903276.5
11_2_ìÏïêê¸_ìåì˙ñ{ó∑ãqìSìπ,0,495566.7,-3926864.2,1,495525.03,-3926833.8,1,495484.78,-3926811.8,1,495478.97,-3926809.0,1,495447.25,-3926793.8,1,495413.3,-3926779.0,1,495365.72,-3926770.0,1,495331.28,-3926768.0,1,495293.72,-3926772.5,1,495260.9,-3926777.0,1,495221.75,-3926793.2,1,495110.9,-3926850.2,1,495057.53,-3926876.8,1,495024.72,-3926897.5,1,495002.97,-3926914.8,1,494996.44,-3926922.5,1,494985.56,-3926935.5,1,494969.62,-3926957.0,1,494956.3,-3926976.2,1,494917.62,-3927040.2
12_4_ìcâÄìsésê¸_ìåãûã}çsìdìS,0,479749.22,-3928579.0,1,479631.44,-3928571.5
12_4_ç]ÉmìáìdìSê¸_ç]ÉmìáìdìS,0,481330.72,-3902972.8,1,481265.75,-3902951.0,1,481226.2,-3902940.2,1,481212.38,-3902936.0,1,481186.8,-3902934.2,1,481162.0,-3902934.5,1,481135.1,-3902932.8,1,481058.44,-3902925.2,1,481014.34,-3902918.8,1,481008.06,-3902917.2,1,480967.4,-3902903.0,1,480927.28,-3902888.8,1,480884.44,-3902871.2,1,480849.94,-3902858.8,1,480830.56,-3902850.5,1,480796.1,-3902838.8,1,480757.4,-3902823.8,1,480735.3,-3902811.2,1,480706.62,-3902793.2,1,480672.03,-3902765.8
12_4_ç]Émìáê¸_è¨ìcã}ìdìS,0,474887.8,-3916289.8,1,474891.06,-3916187.8,1,474900.06,-3916025.8,1,474902.8,-3915976.0,1,474908.34,-3915875.8,1,474909.9,-3915847.5,1,474917.38,-3915697.0,1,474922.75,-3915607.2,1,474927.97,-3915522.8,1,474929.1,-3915501.5,1,474935.03,-3915388.2,1,474940.78,-3915297.2,1,474950.22,-3915144.8,1,474956.1,-3915001.0,1,474958.16,-3914961.8,1,474971.53,-3914708.2,1,474973.8,-3914650.5,1,474973.34,-3914608.5,1,474963.22,-3914434.2,1,474943.62,-3914212.2
12_4_ç]ÉmìáìdìSê¸_ç]ÉmìáìdìS,0,481863.72,-3903159.5,1,481815.4,-3903143.8
11_2_å‰ìaèÍê¸_ìåäCó∑ãqìSìπ,0,449183.12,-3902350.8,1,449367.7,-3902139.2
12_4_ëΩñÄê¸_è¨ìcã}ìdìS,0,477601.12,-3934896.5,1,477477.16,-3934948.2
11_2_ìÏïêê¸_ìåì˙ñ{ó∑ãqìSìπ,0,495891.94,-3927213.5,1,495870.1,-3927189.8,1,495855.75,-3927174.5,1,495748.8,-3927060.2,1,495667.62,-3926974.2,1,495644.16,-3926948.8,1,495629.53,-3926933.0,1,495616.47,-3926918.2,1,495601.78,-3926902.0,1,495566.7,-3926864.2
12_4_ìcâÄìsésê¸_ìåãûã}çsìdìS,0,480664.7,-3928641.8,1,480579.53,-3928626.5
12_4_è¨ìcå¥ê¸_è¨ìcã}ìdìS,0,469766.78,-3923731.2,1,469735.25,-3923690.0,1,469730.88,-3923684.2,1,469726.5,-3923677.5,1,469715.75,-3923661.2,1,469712.47,-3923656.0,1,469676.72,-3923603.5,1,469656.6,-3923573.0,1,469567.1,-3923444.2,1,469541.28,-3923406.8,1,469528.78,-3923388.5,1,469481.5,-3923319.2,1,469413.5,-3923222.5,1,469354.25,-3923136.8,1,469333.38,-3923105.5,1,469322.4,-3923089.2,1,469290.4,-3923041.5,1,469262.34,-3923001.0,1,469233.53,-3922957.5,1,469176.53,-3922871.5,1,469124.28,-3922790.2,1,469082.88,-3922721.5,1,469068.8,-3922696.0,1,469059.47,-3922668.8,1,469045.25,-3922627.2,1,469038.9,-3922602.0,1,469035.97,-3922586.2,1,469028.56,-3922543.8,1,469024.56,-3922520.2,1,469020.78,-3922477.8,1,469019.38,-3922464.8,1,469018.34,-3922455.5,1,469017.66,-3922437.8,1,469017.25,-3922395.2,1,469016.28,-3922298.5,1,469016.8,-3922197.2,1,469017.03,-3922121.8,1,469017.03,-3922103.2,1,469017.1,-3922087.8,1,469019.62,-3921959.8,1,469021.97,-3921849.8
12_3_3çÜê¸_â°ïlés,0,488369.47,-3925569.2,1,488371.06,-3925542.5,1,488375.4,-3925387.0,1,488380.47,-3925244.0,1,488412.25,-3925187.5,1,488517.38,-3925070.2
12_4_ç]Émìáê¸_è¨ìcã}ìdìS,0,475848.72,-3905206.2,1,475957.88,-3905344.0,1,476055.44,-3905466.0,1,476194.7,-3905639.8,1,476290.88,-3905760.5,1,476314.4,-3905787.5,1,476356.16,-3905835.2,1,476411.0,-3905889.5,1,476435.22,-3905910.5,1,476461.44,-3905931.0,1,476482.38,-3905944.5,1,476507.4,-3905958.2
12_4_ç]ÉmìáìdìSê¸_ç]ÉmìáìdìS,0,482210.7,-3903253.8,1,482194.97,-3903248.8,1,482172.94,-3903242.5,1,482159.84,-3903239.5
12_4_ç]Émìáê¸_è¨ìcã}ìdìS,0,472296.78,-3926739.0,1,472291.06,-3926772.2,1,472284.03,-3926807.2,1,472274.88,-3926868.5,1,472271.47,-3926913.0,1,472271.62,-3926957.0,1,472276.1,-3927001.8,1,472282.7,-3927044.5,1,472292.12,-3927078.5,1,472304.47,-3927115.5,1,472316.8,-3927147.0,1,472335.5,-3927182.8,1,472351.38,-3927212.5,1,472405.5,-3927297.2
12_4_ñ{ê¸_ãûïlã}çsìdìS,0,488350.2,-3916836.2,1,488340.94,-3916834.2,1,488307.34,-3916826.2,1,488216.56,-3916808.5,1,488054.4,-3916772.5,1,488001.84,-3916760.5,1,487971.5,-3916756.8,1,487937.94,-3916752.2,1,487917.22,-3916747.8,1,487893.06,-3916739.0,1,487860.0,-3916726.2,1,487839.5,-3916716.5,1,487803.72,-3916702.2,1,487783.1,-3916692.5,1,487661.03,-3916641.8,1,487578.94,-3916613.8,1,487553.25,-3916605.5,1,487473.7,-3916583.0,1,487453.16,-3916576.5,1,487324.25,-3916544.2,1,487289.1,-3916536.2,1,487277.1,-3916531.5
12_4_ãvó¢ïlê¸_ãûïlã}çsìdìS,0,493825.6,-3891238.0,1,493936.03,-3891283.8
11_2_ëäñÕê¸_ìåì˙ñ{ó∑ãqìSìπ,0,467075.06,-3917630.8,1,467072.47,-3917589.0,1,467069.47,-3917543.0,1,467064.25,-3917476.2,1,467060.8,-3917412.5,1,467060.47,-3917366.2,1,467062.0,-3917335.2,1,467064.3,-3917299.2,1,467068.03,-3917278.8,1,467073.22,-3917255.8,1,467080.4,-3917236.5,1,467110.88,-3917149.0,1,467120.84,-3917120.5,1,467146.44,-3917046.2,1,467179.84,-3916954.0,1,467199.6,-3916894.8,1,467223.78,-3916827.8,1,467244.72,-3916772.8,1,467258.75,-3916733.0,1,467271.4,-3916695.2,1,467280.6,-3916654.8,1,467284.6,-3916634.5,1,467285.84,-3916622.2,1,467285.94,-3916604.2,1,467281.9,-3916538.8,1,467278.6,-3916481.5,1,467274.03,-3916422.2,1,467271.72,-3916387.5,1,467268.66,-3916339.5,1,467265.56,-3916294.2,1,467262.3,-3916246.2,1,467258.72,-3916182.0,1,467258.12,-3916173.0,1,467257.9,-3916157.2,1,467257.12,-3916140.8,1,467255.75,-3916119.5,1,467251.06,-3916076.5,1,467243.44,-3916029.8,1,467241.34,-3916022.5,1,467232.97,-3915993.2,1,467217.94,-3915951.5,1,467200.66,-3915916.5,1,467185.7,-3915894.2,1,467178.47,-3915884.5,1,467145.72,-3915842.5,1,467108.44,-3915794.8,1,467076.94,-3915752.8,1,467062.53,-3915734.0,1,467036.62,-3915702.2,1,466998.22,-3915647.5,1,466970.2,-3915601.0,1,466962.4,-3915585.2,1,466943.53,-3915542.2,1,466940.4,-3915533.0,1,466932.53,-3915507.0,1,466927.34,-3915482.2,1,466925.4,-3915445.5,1,466928.94,-3915324.5,1,466937.53,-3915116.2
12_4_ëÂóYéRê¸_à…ì§î†ç™ìSìπ,0,446134.2,-3899618.2,1,446086.66,-3899671.2
12_3_1çÜê¸_â°ïlés,0,478210.22,-3914388.5,1,478091.88,-3914368.5
11_2_ìåäCìπê¸_ìåì˙ñ{ó∑ãqìSìπ,0,461216.16,-3903160.8,1,461374.22,-3903286.0,1,461497.0,-3903381.5,1,461576.25,-3903442.5,1,461652.06,-3903502.0,1,461758.66,-3903585.2,1,461845.3,-3903652.8,1,461925.03,-3903713.5,1,461966.53,-3903745.2,1,462070.16,-3903832.2,1,462175.97,-3903918.2,1,462240.44,-3903970.8,1,462303.28,-3904021.8,1,462321.7,-3904033.8,1,462383.03,-3904068.8,1,462575.88,-3904168.2,1,462617.78,-3904189.8,1,462686.53,-3904224.2,1,462815.7,-3904288.8,1,462973.38,-3904367.5,1,462987.4,-3904374.5,1,463031.84,-3904396.8,1,463091.6,-3904426.2,1,463287.78,-3904525.0,1,463388.34,-3904575.8,1,463447.34,-3904605.2,1,463484.88,-3904620.0,1,463573.7,-3904647.5
12_4_è¨ìcå¥ê¸_è¨ìcã}ìdìS,0,478888.72,-3935375.0,1,478942.28,-3935426.8,1,478995.94,-3935483.5,1,479017.2,-3935506.0,1,479040.16,-3935530.2,1,479111.62,-3935602.5,1,479196.6,-3935687.0,1,479248.84,-3935728.5,1,479292.3,-3935754.2,1,479355.4,-3935782.5,1,479511.78,-3935850.0
12_4_ñ{ê¸_ãûïlã}çsìdìS,0,487157.44,-3916500.0,1,487118.38,-3916490.5,1,487065.28,-3916477.5,1,487014.25,-3916462.2,1,486973.1,-3916444.5,1,486941.2,-3916422.8,1,486918.56,-3916402.5,1,486890.75,-3916377.8,1,486865.56,-3916345.5,1,486844.9,-3916313.2,1,486822.88,-3916263.5,1,486810.22,-3916226.5,1,486804.16,-3916193.5,1,486800.88,-3916175.8,1,486798.22,-3916155.8,1,486799.38,-3916081.5,1,486800.97,-3915988.0,1,486807.75,-3915923.5,1,486814.2,-3915791.2,1,486820.66,-3915750.5,1,486828.3,-3915702.0,1,486852.44,-3915573.8,1,486876.8,-3915478.8
12_4_êÄéqê¸_ãûïlã}çsìdìS,0,488950.16,-3904754.8,1,488953.06,-3904765.8,1,488959.84,-3904798.2,1,488964.5,-3904820.8,1,488971.8,-3904866.2,1,488976.97,-3904915.8,1,488980.0,-3904953.0,1,488982.25,-3905009.0,1,488983.8,-3905084.5
12_4_ñ{ê¸_ëäñÕìSìπ,0,479238.78,-3919504.0,1,479406.8,-3919452.2
12_4_è¨ìcå¥ê¸_è¨ìcã}ìdìS,0,445815.06,-3901445.8,1,445896.94,-3901195.2,1,445915.34,-3901138.2,1,446031.03,-3900779.5,1,446050.03,-3900721.5,1,446099.66,-3900610.2,1,446132.06,-3900550.2,1,446177.9,-3900476.2,1,446206.12,-3900440.0,1,446245.72,-3900395.8,1,446319.94,-3900310.0,1,446365.12,-3900262.8
12_4_ç]ÉmìáìdìSê¸_ç]ÉmìáìdìS,0,476761.22,-3905361.2,1,476748.34,-3905293.2
11_2_ëäñÕê¸_ìåì˙ñ{ó∑ãqìSìπ,0,469682.38,-3906093.8,1,469635.12,-3906200.0
11_1_ìåäCìπêVä≤ê¸_ìåäCó∑ãqìSìπ,0,446542.2,-3896895.0,1,446736.1,-3897159.2
12_3_3çÜê¸_â°ïlés,0,488350.44,-3925912.5,1,488364.16,-3925657.0,1,488369.47,-3925569.2
12_4_ç]ÉmìáìdìSê¸_ç]ÉmìáìdìS,0,482159.84,-3903239.5,1,482112.2,-3903227.0,1,482045.97,-3903209.5,1,481974.12,-3903188.8,1,481917.56,-3903172.8,1,481863.72,-3903159.5
24_5_ã‡ëÚÉVÅ[ÉTÉCÉhÉâÉCÉì_â°ïlêVìsésåí ,0,491062.94,-3908910.0,1,491063.94,-3908987.2
11_2_íÜâõê¸_ìåì˙ñ{ó∑ãqìSìπ,0,449835.28,-3936956.0,1,449777.06,-3936975.0,1,449621.7,-3937027.0,1,449524.53,-3937062.8,1,449473.12,-3937088.5,1,449425.28,-3937116.5,1,449343.16,-3937166.5,1,449256.34,-3937222.2,1,449224.22,-3937238.5,1,449060.44,-3937310.8,1,449001.03,-3937330.8,1,448956.4,-3937347.0,1,448907.88,-3937364.5,1,448715.72,-3937430.8,1,448695.62,-3937435.8,1,448666.88,-3937443.0,1,448634.94,-3937448.2,1,448621.28,-3937449.8,1,448591.12,-3937452.2,1,448568.3,-3937452.5,1,448549.8,-3937451.0,1,448524.16,-3937448.0,1,448477.28,-3937436.2,1,448435.56,-3937423.8,1,448412.06,-3937416.0,1,448387.72,-3937405.2,1,448371.16,-3937394.0,1,448361.0,-3937387.5,1,448358.62,-3937385.8,1,448335.25,-3937369.8,1,448329.7,-3937364.5,1,448160.9,-3937230.0,1,448109.6,-3937190.0,1,448081.3,-3937167.2,1,447894.16,-3937020.0,1,447721.0,-3936883.5,1,447684.03,-3936851.2,1,447670.2,-3936839.5
12_4_ëÂóYéRê¸_à…ì§î†ç™ìSìπ,0,442000.34,-3904010.8,1,442037.1,-3904002.0,1,442078.5,-3903990.2
12_4_ìåâ°ê¸_ìåãûã}çsìdìS,0,492174.7,-3931147.8,1,492122.66,-3931015.5
11_2_â°ïlê¸_ìåì˙ñ{ó∑ãqìSìπ,0,470788.94,-3930062.0,1,470823.47,-3930039.5
12_4_ç]ÉmìáìdìSê¸_ç]ÉmìáìdìS,0,478127.28,-3902482.0,1,478079.0,-3902484.8
12_4_ãvó¢ïlê¸_ãûïlã}çsìdìS,0,495006.88,-3896162.2,1,495009.0,-3896181.8,1,495014.56,-3896206.2,1,495021.47,-3896232.0,1,495028.03,-3896249.2,1,495033.03,-3896260.5,1,495043.25,-3896279.2,1,495054.25,-3896297.8,1,495066.28,-3896313.0,1,495139.47,-3896412.0,1,495192.72,-3896486.2,1,495207.03,-3896511.2,1,495222.06,-3896548.0,1,495251.94,-3896626.5,1,495276.44,-3896712.5,1,495300.4,-3896790.5,1,495323.12,-3896872.5
11_2_ìåäCìπê¸_ìåì˙ñ{ó∑ãqìSìπ,0,456053.4,-3901724.8,1,455825.56,-3901615.2
12_4_ëΩñÄê¸_è¨ìcã}ìdìS,0,475453.3,-3936399.0,1,475448.62,-3936405.0,1,475339.2,-3936526.8,1,475316.1,-3936552.2,1,475220.75,-3936658.5,1,475169.47,-3936718.5,1,475064.38,-3936835.5,1,475040.44,-3936860.8
14_4_ç]ÇÃìáê¸_è√ìÏÉÇÉmÉåÅ[Éã,0,476969.75,-3903067.5,1,476934.22,-3903035.5
11_2_ìåäCìπê¸_ìåì˙ñ{ó∑ãqìSìπ,0,496031.2,-3927353.2,1,496086.5,-3927406.5,1,496132.03,-3927447.8,1,496195.6,-3927503.5,1,496198.12,-3927505.8,1,496240.03,-3927546.2,1,496314.12,-3927618.5,1,496360.38,-3927664.0,1,496396.4,-3927705.2
11_2_ëäñÕê¸_ìåì˙ñ{ó∑ãqìSìπ,0,464757.72,-3932708.2,1,464765.03,-3932836.2
14_4_ç]ÇÃìáê¸_è√ìÏÉÇÉmÉåÅ[Éã,0,480134.34,-3905949.5,1,480128.66,-3905881.8
12_4_è¨ìcå¥ê¸_è¨ìcã}ìdìS,0,461227.12,-3912446.2,1,461284.88,-3912482.0,1,461317.56,-3912502.0,1,461350.5,-3912521.2,1,461514.66,-3912619.8,1,461561.1,-3912648.8,1,461581.5,-3912662.2,1,461611.03,-3912687.0,1,461644.84,-3912712.2,1,461655.78,-3912721.5,1,461787.66,-3912830.8,1,461838.4,-3912873.5,1,461915.5,-3912936.8,1,461962.53,-3912975.8,1,462088.47,-3913081.0,1,462206.84,-3913178.2,1,462230.34,-3913197.8,1,462348.72,-3913294.5,1,462428.06,-3913360.5,1,462461.16,-3913388.0,1,462489.7,-3913411.8,1,462525.12,-3913441.0,1,462644.75,-3913539.5,1,462700.53,-3913584.8,1,462711.2,-3913594.0,1,462816.06,-3913681.2,1,462823.72,-3913687.5,1,462830.0,-3913692.5,1,462857.06,-3913714.8,1,462864.62,-3913721.8,1,462958.0,-3913796.8,1,463035.0,-3913861.8,1,463056.34,-3913883.5,1,463072.66,-3913902.0,1,463104.62,-3913944.2,1,463169.4,-3914044.8,1,463174.25,-3914052.8,1,463202.03,-3914098.2,1,463206.4,-3914104.0,1,463219.03,-3914125.8,1,463220.3,-3914126.2,1,463254.84,-3914179.0,1,463279.97,-3914213.2,1,463326.94,-3914266.5,1,463349.56,-3914289.0,1,463384.62,-3914319.8,1,463478.53,-3914391.0,1,463494.2,-3914401.5,1,463573.06,-3914463.0,1,463669.53,-3914543.5,1,463720.94,-3914588.2,1,463780.44,-3914643.2,1,463885.72,-3914747.0,1,463894.2,-3914755.5
12_4_è¨ìcå¥ê¸_è¨ìcã}ìdìS,0,469865.72,-3923860.5,1,469766.78,-3923731.2
12_5_Ç›Ç»Ç∆Ç›ÇÁÇ¢ê¸_â°ïlçÇë¨ìSìπ,0,490549.1,-3918255.5,1,490960.4,-3918001.0
12_4_è¨ìcå¥ê¸_è¨ìcã}ìdìS,0,465709.7,-3917090.5,1,465860.0,-3917233.2
12_4_ëÂétê¸_ãûïlã}çsìdìS,0,498162.88,-3927729.0,1,498084.2,-3927723.8
12_4_ñ{ê¸_ãûïlã}çsìdìS,0,489835.06,-3908479.2,1,489825.0,-3908430.5,1,489809.06,-3908393.0,1,489784.56,-3908334.0
12_4_ç]Émìáê¸_è¨ìcã}ìdìS,0,473421.84,-3923301.8,1,473365.38,-3923437.0
12_4_ìåâ°ê¸_ìåãûã}çsìdìS,0,489480.38,-3921049.2,1,489476.16,-3921029.8,1,489472.4,-3920979.2,1,489474.6,-3920923.5,1,489479.1,-3920879.5
12_5_Ç›Ç»Ç∆Ç›ÇÁÇ¢ê¸_â°ïlçÇë¨ìSìπ,0,490366.06,-3918349.0,1,490549.1,-3918255.5
12_4_ëÂóYéRê¸_à…ì§î†ç™ìSìπ,0,444327.16,-3901723.8,1,444287.25,-3901780.8
12_3_3çÜê¸_â°ïlés,0,484830.16,-3928774.0,1,484827.7,-3928768.0,1,484796.28,-3928691.2,1,484772.9,-3928638.5,1,484753.88,-3928593.2,1,484735.5,-3928547.8,1,484719.2,-3928498.8,1,484709.56,-3928446.0,1,484706.0,-3928380.0,1,484711.34,-3928326.5,1,484737.03,-3928238.8,1,484764.6,-3928179.2,1,484796.97,-3928134.2,1,484818.7,-3928107.2,1,484832.97,-3928096.0,1,484886.12,-3928062.0,1,484922.62,-3928043.8,1,484971.66,-3928026.8,1,485010.62,-3928017.0,1,485060.9,-3928008.8,1,485117.9,-3928001.5,1,485176.66,-3927991.2,1,485193.78,-3927989.0,1,485350.56,-3927967.5,1,485440.28,-3927953.0,1,485623.44,-3927911.2,1,485724.8,-3927882.8,1,485827.03,-3927854.2,1,486166.9,-3927749.0
12_4_ìSìπê¸_î†ç™ìoéRìSìπ,0,437204.12,-3896015.8,1,437215.7,-3895990.8,1,437228.12,-3895960.5,1,437237.6,-3895938.0,1,437241.44,-3895925.0,1,437243.03,-3895907.0,1,437245.06,-3895885.2,1,437245.22,-3895843.2,1,437245.28,-3895786.2,1,437245.53,-3895756.0,1,437247.66,-3895684.8,1,437247.34,-3895640.8,1,437249.72,-3895612.8,1,437250.5,-3895594.8,1,437253.34,-3895572.8,1,437263.5,-3895528.2,1,437267.3,-3895512.2,1,437269.84,-3895496.8,1,437266.25,-3895480.5,1,437258.2,-3895460.2,1,437241.44,-3895433.2,1,437229.47,-3895411.0,1,437216.66,-3895387.0,1,437212.22,-3895376.2,1,437212.6,-3895367.2,1,437215.66,-3895359.8,1,437222.97,-3895352.5,1,437229.94,-3895350.0,1,437242.6,-3895351.0,1,437256.22,-3895358.8,1,437274.22,-3895369.8,1,437284.25,-3895373.8,1,437296.9,-3895373.5,1,437313.06,-3895367.8,1,437352.25,-3895349.5
12_4_ñ{ê¸_ãûïlã}çsìdìS,0,494264.3,-3924619.0,1,494230.47,-3924575.2,1,494203.06,-3924538.5,1,494170.75,-3924485.5
12_4_ñ{ê¸_ãûïlã}çsìdìS,0,494065.8,-3898440.8,1,494117.53,-3898397.0,1,494154.44,-3898366.8,1,494163.9,-3898359.0,1,494172.44,-3898352.0,1,494190.34,-3898337.2
12_4_ìSìπê¸_î†ç™ìoéRìSìπ,0,436954.3,-3896465.8,1,436961.66,-3896435.5,1,436971.88,-3896386.5,1,436982.3,-3896332.2,1,436984.0,-3896313.8,1,436983.88,-3896294.8,1,436977.47,-3896264.2,1,436961.28,-3896186.8,1,436946.47,-3896124.8,1,436941.06,-3896093.8,1,436936.47,-3896062.8,1,436936.78,-3896038.8,1,436940.12,-3896024.0,1,436951.88,-3896013.8,1,436971.88,-3896010.8,1,437006.84,-3896012.8,1,437054.53,-3896028.0,1,437097.28,-3896042.2,1,437114.34,-3896047.2,1,437126.62,-3896048.5,1,437136.2,-3896047.5
11_2_ìåäCìπê¸_ìåì˙ñ{ó∑ãqìSìπ,0,491983.97,-3922303.8,1,492012.62,-3922319.5,1,492065.72,-3922348.5,1,492112.56,-3922377.2,1,492159.12,-3922410.8,1,492173.1,-3922420.2
24_5_ã‡ëÚÉVÅ[ÉTÉCÉhÉâÉCÉì_â°ïlêVìsésåí ,0,491710.0,-3906604.5,1,491711.2,-3906527.8
11_2_ìåäCìπê¸_ìåì˙ñ{ó∑ãqìSìπ,0,445792.44,-3895245.8,1,445813.56,-3895307.2,1,445830.56,-3895349.5,1,445840.44,-3895375.2,1,445854.28,-3895405.8,1,445873.28,-3895445.8,1,445898.12,-3895493.0,1,445919.12,-3895534.2,1,445947.2,-3895590.0,1,445973.44,-3895642.5,1,445997.7,-3895693.5,1,446026.53,-3895754.8,1,446050.1,-3895800.2,1,446064.56,-3895830.0,1,446093.25,-3895880.2,1,446114.22,-3895918.5,1,446122.03,-3895933.5,1,446144.3,-3895975.0,1,446165.0,-3896012.8,1,446187.44,-3896053.5,1,446242.53,-3896149.0,1,446313.84,-3896287.0,1,446368.2,-3896395.2,1,446468.94,-3896570.0,1,446505.53,-3896635.0,1,446547.88,-3896704.2,1,446649.72,-3896878.0
11_2_â°ïlê¸_ìåì˙ñ{ó∑ãqìSìπ,0,468778.0,-3931359.2,1,468819.75,-3931332.0,1,468855.47,-3931308.8,1,468949.06,-3931248.0,1,469072.38,-3931166.8,1,469103.66,-3931146.5,1,469188.12,-3931091.8,1,469254.84,-3931049.2,1,469388.3,-3930964.8,1,469448.1,-3930925.0,1,469514.1,-3930884.2,1,469608.06,-3930825.2,1,469688.44,-3930770.8,1,469783.28,-3930710.8,1,469885.94,-3930643.8,1,469946.53,-3930604.8,1,470027.53,-3930552.5,1,470172.5,-3930458.2,1,470320.62,-3930362.8,1,470479.9,-3930260.8,1,470570.5,-3930202.2,1,470682.4,-3930132.8,1,470771.66,-3930073.2,1,470788.94,-3930062.0
12_4_ñ{ê¸_ãûïlã}çsìdìS,0,492288.4,-3922427.2,1,492330.22,-3922451.0,1,492370.72,-3922474.2,1,492433.4,-3922512.5,1,492481.53,-3922546.5,1,492525.53,-3922578.8,1,492567.12,-3922614.0,1,492613.3,-3922653.2,1,492697.53,-3922726.5,1,492729.94,-3922756.5,1,492734.12,-3922760.2,1,492763.53,-3922791.0,1,492807.12,-3922834.5,1,492834.44,-3922864.0,1,492903.25,-3922936.5,1,492923.3,-3922958.2,1,493016.34,-3923048.0,1,493113.56,-3923147.2,1,493198.34,-3923238.8,1,493248.1,-3923292.5
11_2_ìåäCìπê¸_ìåì˙ñ{ó∑ãqìSìπ,0,446649.72,-3896878.0,1,446659.6,-3896899.5,1,446800.6,-3897133.0,1,446811.25,-3897149.5
12_4_ç]ÉmìáìdìSê¸_ç]ÉmìáìdìS,0,477475.75,-3902647.8,1,477433.1,-3902671.8
12_3_1çÜê¸_â°ïlés,0,482671.7,-3913042.2,1,482619.72,-3913029.8,1,482545.97,-3913012.2,1,482509.53,-3912998.5,1,482442.38,-3912937.5,1,482370.62,-3912873.0,1,482344.6,-3912854.2,1,482296.75,-3912808.8,1,482275.56,-3912793.2,1,482252.0,-3912776.0,1,482211.47,-3912752.0,1,482162.56,-3912730.8,1,482113.78,-3912723.2,1,482059.75,-3912725.8,1,481965.28,-3912743.8,1,481837.9,-3912768.2,1,481704.0,-3912787.5,1,481662.44,-3912797.8,1,481609.56,-3912820.5,1,481529.62,-3912853.5,1,481472.56,-3912875.2,1,481421.75,-3912893.0,1,481373.9,-3912900.5,1,481313.06,-3912907.0
12_4_ñ{ê¸_ãûïlã}çsìdìS,0,493324.72,-3923372.0,1,493433.8,-3923483.8,1,493545.28,-3923601.0,1,493757.47,-3923820.0
12_4_è¨ìcå¥ê¸_è¨ìcã}ìdìS,0,444499.22,-3906034.8,1,444497.56,-3906060.5,1,444498.84,-3906090.5,1,444508.78,-3906140.2,1,444530.62,-3906203.0,1,444547.8,-3906235.8,1,444554.78,-3906249.0,1,444582.6,-3906290.5,1,444606.38,-3906316.2,1,444640.56,-3906348.2,1,444658.28,-3906364.8,1,444780.72,-3906471.5,1,444785.5,-3906475.5,1,444886.62,-3906564.0,1,444894.84,-3906571.8,1,444922.25,-3906593.8,1,444988.56,-3906634.8
12_4_ëÂétê¸_ãûïlã}çsìdìS,0,499956.2,-3927861.8,1,499976.66,-3927862.5,1,500033.22,-3927858.5,1,500058.62,-3927852.5,1,500111.38,-3927832.8,1,500162.6,-3927811.8,1,500343.53,-3927721.8,1,500491.4,-3927658.8,1,500526.56,-3927651.8
12_4_ñ{ê¸_ãûïlã}çsìdìS,0,488965.88,-3918979.8,1,488929.88,-3919083.8
12_4_ñ{ê¸_ëäñÕìSìπ,0,468267.06,-3918673.0,1,468370.28,-3918778.2
24_5_ã‡ëÚÉVÅ[ÉTÉCÉhÉâÉCÉì_â°ïlêVìsésåí ,0,489168.25,-3905198.0,1,489221.8,-3905143.5
11_2_å‰ìaèÍê¸_ìåäCó∑ãqìSìπ,0,442395.6,-3908296.2,1,442447.16,-3908246.5,1,442452.56,-3908241.2
12_4_ìåâ°ê¸_ìåãûã}çsìdìS,0,489888.06,-3926245.5,1,489889.6,-3926229.8,1,489892.2,-3926203.0,1,489909.5,-3926025.0,1,489929.3,-3925847.0,1,489938.75,-3925760.5,1,489943.62,-3925673.0,1,489950.2,-3925617.8,1,489967.84,-3925434.0,1,489979.4,-3925319.5,1,489994.75,-3925174.0,1,490009.06,-3925067.2
11_2_ìÏïêê¸_ìåì˙ñ{ó∑ãqìSìπ,0,494453.38,-3928234.0,1,494464.88,-3928200.8,1,494499.62,-3928101.2
11_2_â°ïlê¸_ìåì˙ñ{ó∑ãqìSìπ,0,489804.8,-3924891.0,1,489864.6,-3924889.8,1,489904.4,-3924889.5,1,489959.78,-3924886.0,1,489990.8,-3924882.8,1,490017.56,-3924880.0
12_4_ëΩñÄê¸_è¨ìcã}ìdìS,0,476395.0,-3935568.8,1,476341.38,-3935605.2,1,476225.75,-3935687.0,1,476198.28,-3935707.5,1,476120.9,-3935761.8,1,476046.75,-3935813.5,1,475992.44,-3935856.5,1,475929.0,-3935907.5,1,475866.47,-3935961.5,1,475796.0,-3936027.0,1,475736.03,-3936087.8,1,475627.75,-3936206.2,1,475531.6,-3936311.2
12_4_è¨ìcå¥ê¸_è¨ìcã}ìdìS,0,445366.4,-3906837.8,1,445466.7,-3906889.5
12_4_ç]Émìáê¸_è¨ìcã}ìdìS,0,474943.62,-3914212.2,1,474933.66,-3914091.0
12_4_ñ{ê¸_ãûïlã}çsìdìS,0,489432.12,-3903365.8,1,489430.78,-3903325.0,1,489430.44,-3903321.5,1,489427.84,-3903299.8,1,489415.8,-3903251.8,1,489388.6,-3903157.5,1,489368.12,-3903071.2,1,489343.6,-3902982.2,1,489325.56,-3902898.0,1,489323.9,-3902870.0,1,489326.4,-3902679.2,1,489329.47,-3902585.0,1,489332.12,-3902510.2,1,489330.06,-3902482.0,1,489328.88,-3902453.0,1,489318.1,-3902408.8,1,489300.9,-3902341.5,1,489293.7,-3902311.0,1,489288.1,-3902256.2,1,489286.84,-3902200.5,1,489288.34,-3902174.8,1,489298.66,-3902122.2,1,489307.78,-3902089.5,1,489322.38,-3902039.2,1,489335.4,-3902003.2,1,489346.12,-3901977.8,1,489361.0,-3901948.5,1,489379.5,-3901915.2,1,489393.75,-3901894.5,1,489405.28,-3901877.8
12_5_Ç›Ç»Ç∆Ç›ÇÁÇ¢ê¸_â°ïlçÇë¨ìSìπ,0,489165.8,-3920064.2,1,489121.56,-3920002.2,1,489102.28,-3919972.5,1,489093.72,-3919944.8,1,489095.22,-3919915.2,1,489112.97,-3919870.8,1,489196.75,-3919758.5,1,489227.47,-3919724.8,1,489265.8,-3919687.5,1,489292.28,-3919667.8,1,489322.84,-3919652.0,1,489372.44,-3919637.2,1,489422.88,-3919627.2,1,489460.1,-3919622.0,1,489503.38,-3919617.0
11_2_ìÏïêê¸_ìåì˙ñ{ó∑ãqìSìπ,0,495566.7,-3926864.2,1,495525.03,-3926833.8,1,495484.78,-3926811.8,1,495478.97,-3926809.0,1,495447.25,-3926793.8,1,495413.3,-3926779.0,1,495365.72,-3926770.0,1,495331.28,-3926768.0,1,495293.72,-3926772.5,1,495260.9,-3926777.0,1,495221.75,-3926793.2,1,495110.9,-3926850.2,1,495057.53,-3926876.8,1,495024.72,-3926897.5,1,495002.97,-3926914.8,1,494996.44,-3926922.5,1,494985.56,-3926935.5,1,494969.62,-3926957.0,1,494956.3,-3926976.2,1,494917.62,-3927040.2
13_4_ç|çıê¸_î†ç™ìoéRìSìπ,0,436466.75,-3896298.8,1,436253.28,-3896210.0
12_4_ëÂóYéRê¸_à…ì§î†ç™ìSìπ,0,444800.88,-3900994.8,1,444731.16,-3901070.5
12_4_ëÂóYéRê¸_à…ì§î†ç™ìSìπ,0,442601.12,-3903839.2,1,442807.47,-3903777.5,1,442959.28,-3903733.0,1,443046.22,-3903710.5,1,443125.5,-3903696.0,1,443176.16,-3903688.0,1,443317.44,-3903658.0
12_4_ñ{ê¸_ëäñÕìSìπ,0,481111.56,-3919856.5,1,481168.84,-3919911.8,1,481228.75,-3919964.5,1,481339.1,-3920065.0,1,481412.53,-3920129.5,1,481484.72,-3920188.2,1,481538.94,-3920225.5,1,481643.06,-3920292.8,1,481745.56,-3920363.2,1,481793.44,-3920395.2,1,481862.3,-3920446.2,1,481903.66,-3920480.2,1,481960.94,-3920532.8,1,482151.94,-3920725.2,1,482166.84,-3920743.5,1,482189.1,-3920761.8,1,482282.75,-3920859.0,1,482376.1,-3920950.0,1,482425.88,-3920987.5,1,482475.84,-3921016.8,1,482501.1,-3921028.5,1,482525.97,-3921040.2,1,482586.34,-3921061.0
12_4_è¨ìcå¥ê¸_è¨ìcã}ìdìS,0,453262.38,-3909520.0,1,453122.53,-3909633.2
12_4_ëÂóYéRê¸_à…ì§î†ç™ìSìπ,0,444287.25,-3901780.8,1,444136.34,-3902006.8
12_4_ñ{ê¸_ëäñÕìSìπ,0,485978.34,-3919792.2,1,486031.47,-3919765.8,1,486138.47,-3919717.2,1,486226.5,-3919675.5,1,486329.6,-3919632.0,1,486415.38,-3919592.2,1,486482.1,-3919548.5,1,486492.06,-3919542.0,1,486584.34,-3919415.8,1,486689.75,-3919273.2
24_5_ã‡ëÚÉVÅ[ÉTÉCÉhÉâÉCÉì_â°ïlêVìsésåí ,0,490140.72,-3910586.8,1,489877.3,-3910672.2,1,489752.84,-3910718.5,1,489682.97,-3910748.0,1,489661.0,-3910757.2,1,489553.6,-3910809.5,1,489433.53,-3910881.8,1,489294.5,-3910981.2,1,489194.06,-3911059.5,1,489140.7,-3911099.2,1,489085.62,-3911152.2,1,489076.38,-3911160.8
12_3_3çÜê¸_â°ïlés,0,489034.44,-3919912.0,1,489054.84,-3919825.8,1,489064.75,-3919779.0,1,489075.5,-3919727.0,1,489085.03,-3919674.8,1,489096.97,-3919627.8,1,489111.9,-3919590.2,1,489134.34,-3919544.0,1,489150.9,-3919519.2,1,489171.66,-3919497.2,1,489226.1,-3919405.0,1,489275.44,-3919323.0
12_3_3çÜê¸_â°ïlés,0,488701.03,-3923378.2,1,488703.94,-3923392.5,1,488726.72,-3923478.8,1,488738.12,-3923526.8,1,488758.34,-3923603.5,1,488769.03,-3923647.5,1,488781.12,-3923688.5,1,488791.44,-3923736.0,1,488798.1,-3923755.8,1,488810.2,-3923778.0,1,488827.0,-3923799.5,1,488847.88,-3923821.8,1,488892.66,-3923871.2,1,488931.78,-3923915.8,1,488959.3,-3923946.0,1,488969.56,-3923959.0,1,488987.2,-3923986.5,1,488997.75,-3924008.2,1,489009.5,-3924048.5,1,489019.8,-3924094.2,1,489031.5,-3924154.0,1,489035.78,-3924182.8,1,489029.3,-3924243.8,1,488996.66,-3924359.8,1,488956.22,-3924459.8,1,488907.75,-3924639.8,1,488771.56,-3924795.0
12_4_ëÂóYéRê¸_à…ì§î†ç™ìSìπ,0,442529.0,-3903860.2,1,442566.56,-3903849.5,1,442601.12,-3903839.2
11_2_ç™ä›ê¸_ìåì˙ñ{ó∑ãqìSìπ,0,482726.3,-3909254.5,1,482528.9,-3909198.8
11_2_ëäñÕê¸_ìåì˙ñ{ó∑ãqìSìπ,0,466794.25,-3927109.8,1,466843.34,-3927054.2
12_4_ìcâÄìsésê¸_ìåãûã}çsìdìS,0,482974.78,-3931393.5,1,482927.34,-3931086.0,1,482914.84,-3930943.2,1,482913.56,-3930839.0,1,482912.66,-3930798.8,1,482906.12,-3930659.5,1,482897.88,-3930595.0,1,482884.53,-3930545.2,1,482816.94,-3930370.2,1,482805.66,-3930341.0
11_2_íﬂå©ê¸_ìåì˙ñ{ó∑ãqìSìπ,0,496285.3,-3922877.0,1,496235.56,-3922968.8
12_3_3çÜê¸_â°ïlés,0,484391.88,-3930840.8,1,484493.06,-3930763.8
12_4_ç]Émìáê¸_è¨ìcã}ìdìS,0,474887.8,-3916289.8,1,474890.06,-3916412.8
12_3_3çÜê¸_â°ïlés,0,488658.44,-3923275.0,1,488701.03,-3923378.2
11_2_ìåäCìπê¸_ìåì˙ñ{ó∑ãqìSìπ,0,455825.56,-3901615.2,1,455715.2,-3901560.8,1,455651.4,-3901532.8,1,455514.97,-3901488.0,1,455485.56,-3901478.0,1,455364.22,-3901435.2,1,455239.34,-3901391.8,1,455125.6,-3901351.8,1,455035.12,-3901320.0,1,454825.3,-3901254.5,1,454754.06,-3901229.0,1,454677.9,-3901198.2,1,454537.44,-3901132.8,1,454154.1,-3900955.5,1,454153.0,-3900954.8,1,454026.03,-3900897.0,1,453971.97,-3900871.0,1,453966.06,-3900868.2,1,453952.47,-3900861.8,1,453847.66,-3900813.2,1,453731.53,-3900747.0,1,453610.88,-3900660.2,1,453440.47,-3900517.2,1,453259.88,-3900366.2,1,453146.72,-3900270.5,1,453042.4,-3900182.2,1,452904.78,-3900088.8,1,452519.62,-3899898.5,1,452399.72,-3899840.0,1,452347.34,-3899822.8,1,452316.66,-3899816.2
12_4_ñ{ê¸_ëäñÕìSìπ,0,484091.75,-3921405.2,1,484213.12,-3921389.2,1,484314.6,-3921368.2,1,484394.75,-3921348.2,1,484460.9,-3921316.2,1,484489.28,-3921295.8,1,484515.72,-3921273.2,1,484536.1,-3921247.5,1,484558.9,-3921214.8,1,484577.78,-3921174.8,1,484589.9,-3921149.0,1,484591.34,-3921145.8,1,484627.66,-3921044.8,1,484648.7,-3920993.5,1,484653.3,-3920982.2,1,484686.97,-3920931.5,1,484714.22,-3920892.5,1,484782.4,-3920818.2,1,484923.97,-3920680.0,1,485033.8,-3920564.2,1,485105.56,-3920496.2,1,485243.53,-3920364.5,1,485339.8,-3920273.8
11_2_ç™ä›ê¸_ìåì˙ñ{ó∑ãqìSìπ,0,491040.03,-3917135.8,1,491051.62,-3917105.5,1,491105.66,-3916962.2
12_4_ç]Émìáê¸_è¨ìcã}ìdìS,0,475848.72,-3905206.2,1,475789.8,-3905138.2
11_2_ç™ä›ê¸_ìåì˙ñ{ó∑ãqìSìπ,0,491352.34,-3915827.8,1,491334.5,-3915882.0,1,491324.94,-3915924.0,1,491320.5,-3915948.8,1,491318.0,-3915972.0,1,491313.4,-3916019.5,1,491314.0,-3916066.2,1,491309.53,-3916157.2,1,491305.75,-3916256.5,1,491302.1,-3916350.2,1,491301.12,-3916375.5,1,491297.22,-3916456.0,1,491294.78,-3916475.2,1,491291.62,-3916497.8,1,491287.2,-3916515.5,1,491282.12,-3916531.0,1,491275.8,-3916549.0,1,491271.62,-3916558.8,1,491266.84,-3916570.0,1,491261.6,-3916582.8,1,491239.22,-3916637.8,1,491236.22,-3916645.0,1,491203.9,-3916723.2,1,491196.75,-3916740.5,1,491185.53,-3916768.0,1,491172.47,-3916799.8,1,491155.47,-3916841.5,1,491129.9,-3916898.0,1,491105.66,-3916962.2
12_4_ìSìπê¸_î†ç™ìoéRìSìπ,0,441123.03,-3894651.0,1,441072.44,-3894664.8
12_4_ñ{ê¸_ãûïlã}çsìdìS,0,488929.88,-3919083.8,1,488872.88,-3919219.5,1,488861.97,-3919265.8,1,488862.0,-3919304.2,1,488875.22,-3919339.8,1,488890.03,-3919366.2,1,488923.84,-3919408.0,1,488981.1,-3919476.0,1,489024.53,-3919536.8,1,489093.53,-3919631.2,1,489109.16,-3919651.8,1,489151.16,-3919710.8,1,489157.25,-3919725.5,1,489167.06,-3919749.2,1,489168.72,-3919757.2,1,489170.2,-3919772.5,1,489170.0,-3919780.0,1,489169.47,-3919791.8,1,489166.0,-3919839.8,1,489165.3,-3919863.2,1,489165.3,-3919882.0,1,489166.8,-3919899.5,1,489171.1,-3919922.0,1,489180.84,-3919947.0,1,489204.0,-3919984.2
12_3_1çÜê¸_â°ïlés,0,486797.5,-3913716.0,1,486776.5,-3913570.8,1,486759.75,-3913486.0,1,486743.06,-3913423.0,1,486728.47,-3913385.0,1,486701.44,-3913333.5,1,486651.1,-3913246.5,1,486607.38,-3913164.5,1,486564.66,-3913081.2,1,486531.34,-3913016.8,1,486503.22,-3912985.2,1,486474.06,-3912966.2,1,486432.53,-3912942.5
12_4_ëÂétê¸_ãûïlã}çsìdìS,0,499879.22,-3927861.2,1,499598.9,-3927856.5,1,499397.94,-3927860.5
11_2_íÜâõê¸_ìåì˙ñ{ó∑ãqìSìπ,0,450206.8,-3936894.5,1,450213.62,-3936897.2
11_2_ëäñÕê¸_ìåì˙ñ{ó∑ãqìSìπ,0,469701.12,-3905188.0,1,469852.4,-3905252.8,1,469880.25,-3905265.8,1,469905.3,-3905280.8,1,469939.6,-3905313.0,1,469957.22,-3905340.5,1,469970.12,-3905366.2,1,469978.38,-3905388.8,1,469981.9,-3905412.2,1,469980.34,-3905430.2,1,469976.03,-3905447.5,1,469956.1,-3905496.8,1,469911.88,-3905591.0,1,469857.5,-3905710.8,1,469814.28,-3905806.8,1,469756.8,-3905933.2,1,469682.38,-3906093.8
11_2_ìåäCìπê¸_ìåì˙ñ{ó∑ãqìSìπ,0,464505.66,-3904872.8,1,464464.75,-3904864.2,1,464174.28,-3904803.2
12_3_3çÜê¸_â°ïlés,0,488267.03,-3926896.8,1,488279.72,-3926822.5,1,488285.4,-3926789.8
11_2_ëäñÕê¸_ìåì˙ñ{ó∑ãqìSìπ,0,465705.62,-3930282.5,1,465697.06,-3930297.0,1,465687.97,-3930310.5,1,465617.03,-3930412.5,1,465538.2,-3930506.8,1,465454.72,-3930601.8,1,465403.72,-3930654.2,1,465377.9,-3930682.8,1,465349.47,-3930710.0,1,465318.6,-3930738.0,1,465280.4,-3930774.2,1,465220.84,-3930817.0,1,465170.75,-3930849.5,1,465144.53,-3930865.0,1,465111.62,-3930884.2,1,465062.72,-3930913.2,1,465035.78,-3930928.0,1,465008.5,-3930955.0,1,464968.38,-3931008.0,1,464914.84,-3931104.2,1,464860.38,-3931215.5,1,464799.38,-3931333.2,1,464765.22,-3931398.5,1,464730.6,-3931470.2,1,464711.75,-3931512.2,1,464700.84,-3931574.2,1,464704.0,-3931681.2,1,464705.75,-3931713.2,1,464718.72,-3931944.8,1,464731.4,-3932194.8,1,464739.34,-3932326.8,1,464745.28,-3932449.0,1,464751.1,-3932571.2,1,464756.56,-3932689.0,1,464757.72,-3932708.2
12_4_è¨ìcå¥ê¸_è¨ìcã}ìdìS,0,468124.9,-3918580.2,1,468085.47,-3918542.8,1,468028.38,-3918485.8,1,468005.5,-3918462.8,1,467901.7,-3918357.5,1,467831.28,-3918287.0,1,467784.47,-3918240.8,1,467768.25,-3918223.8,1,467746.47,-3918199.8,1,467700.22,-3918157.2,1,467686.0,-3918142.2,1,467620.5,-3918074.5,1,467567.3,-3918023.5,1,467454.62,-3917907.5,1,467402.34,-3917856.8,1,467349.44,-3917805.8,1,467302.34,-3917759.8,1,467291.3,-3917749.2,1,467263.38,-3917723.0,1,467233.3,-3917696.8,1,467194.1,-3917668.2,1,467148.25,-3917637.2,1,467128.16,-3917627.5,1,467122.6,-3917624.8,1,467111.3,-3917619.5,1,467096.78,-3917612.8,1,467088.06,-3917608.5,1,467080.5,-3917605.2,1,467074.7,-3917602.5,1,467071.6,-3917601.5,1,467064.4,-3917599.0,1,467049.97,-3917593.5
11_2_ìÏïêê¸_ìåì˙ñ{ó∑ãqìSìπ,0,496031.2,-3927353.2,1,495891.94,-3927213.5
11_2_íÜâõê¸_ìåì˙ñ{ó∑ãqìSìπ,0,450778.75,-3937318.2,1,450783.12,-3937323.8,1,450852.16,-3937406.8
12_4_ñ{ê¸_ãûïlã}çsìdìS,0,489473.53,-3901780.5,1,489482.06,-3901766.0,1,489491.3,-3901750.0,1,489509.72,-3901718.2,1,489523.34,-3901686.8,1,489534.3,-3901656.2,1,489554.84,-3901582.8,1,489563.88,-3901526.2,1,489572.62,-3901459.5,1,489587.94,-3901331.5,1,489595.4,-3901279.0,1,489602.1,-3901229.8,1,489609.56,-3901175.8,1,489616.7,-3901121.0,1,489621.8,-3901077.0,1,489627.7,-3901038.8,1,489642.72,-3900982.2,1,489651.88,-3900953.8,1,489657.75,-3900935.8,1,489668.1,-3900910.8,1,489687.94,-3900861.2,1,489692.66,-3900846.8,1,489735.12,-3900777.2,1,489765.34,-3900729.8,1,489812.5,-3900679.8,1,489832.47,-3900662.0,1,489841.75,-3900653.8,1,489854.72,-3900642.0,1,489888.44,-3900611.8,1,490000.06,-3900506.5,1,490028.22,-3900482.5,1,490036.6,-3900475.5,1,490057.75,-3900457.5,1,490111.97,-3900408.0,1,490158.94,-3900368.0,1,490200.0,-3900331.0,1,490227.44,-3900308.2,1,490258.78,-3900285.5,1,490285.4,-3900270.0,1,490305.6,-3900261.2,1,490324.7,-3900251.0,1,490416.78,-3900229.2,1,490495.88,-3900211.8,1,490542.7,-3900203.0,1,490603.78,-3900195.0,1,490659.06,-3900190.2,1,490682.25,-3900193.0,1,490706.53,-3900198.2,1,490751.2,-3900208.0,1,490815.06,-3900224.0,1,490852.97,-3900232.5,1,490876.9,-3900236.5,1,490898.47,-3900240.8,1,490942.28,-3900245.2,1,491000.4,-3900247.5
12_4_ç]ÉmìáìdìSê¸_ç]ÉmìáìdìS,0,476924.4,-3905908.5,1,476914.3,-3905872.5,1,476907.9,-3905852.5,1,476897.66,-3905828.5,1,476886.44,-3905805.5
12_4_ñ{ê¸_ãûïlã}çsìdìS,0,495886.88,-3897364.8,1,495938.8,-3897337.5,1,496029.66,-3897293.0,1,496094.84,-3897261.8,1,496140.88,-3897240.2,1,496174.88,-3897225.8,1,496235.2,-3897203.0,1,496259.56,-3897198.0,1,496293.5,-3897192.8,1,496353.8,-3897189.2,1,496433.3,-3897193.5,1,496486.7,-3897199.8,1,496533.38,-3897208.0,1,496565.12,-3897213.8,1,496621.78,-3897225.2,1,496635.97,-3897228.2,1,496657.28,-3897232.0,1,496674.56,-3897235.5,1,496711.12,-3897241.8,1,496715.94,-3897242.8,1,496734.88,-3897244.5,1,496748.22,-3897244.8,1,496764.16,-3897244.2,1,496786.9,-3897243.5,1,496873.66,-3897242.5
12_4_ëÂóYéRê¸_à…ì§î†ç™ìSìπ,0,442078.5,-3903990.2,1,442287.1,-3903931.0,1,442529.0,-3903860.2
12_4_è¨ìcå¥ê¸_è¨ìcã}ìdìS,0,477872.72,-3933669.8,1,477953.34,-3933816.0
12_4_ìåâ°ê¸_ìåãûã}çsìdìS,0,492631.16,-3932281.0,1,492545.8,-3932068.5
12_4_ç]Émìáê¸_è¨ìcã}ìdìS,0,474570.4,-3920606.5,1,474566.72,-3920614.8,1,474547.62,-3920658.0,1,474512.28,-3920738.0,1,474445.16,-3920899.0,1,474402.44,-3921000.0,1,474399.47,-3921007.2,1,474363.16,-3921093.2,1,474303.03,-3921236.8,1,474232.38,-3921399.2,1,474151.22,-3921591.0,1,474109.66,-3921688.0,1,474085.25,-3921745.2,1,474061.47,-3921801.8,1,474012.38,-3921918.5,1,473986.75,-3921976.0,1,473947.84,-3922066.2,1,473874.97,-3922239.0,1,473870.47,-3922249.5,1,473778.03,-3922465.0,1,473722.28,-3922600.2,1,473661.8,-3922739.5
11_2_ìåäCìπê¸_ìåì˙ñ{ó∑ãqìSìπ,0,483219.38,-3916222.0,1,483221.72,-3916345.5,1,483215.97,-3916480.2,1,483213.75,-3916558.0,1,483214.84,-3916654.8,1,483235.38,-3916755.0,1,483272.62,-3916835.8,1,483314.97,-3916905.0,1,483392.72,-3916982.5,1,483400.25,-3916988.5,1,483500.25,-3917066.8,1,483606.56,-3917125.0,1,483754.06,-3917195.5,1,483882.53,-3917258.0,1,484071.47,-3917347.0,1,484163.94,-3917394.5,1,484377.62,-3917520.8,1,484470.12,-3917575.5,1,484709.78,-3917721.0,1,484893.2,-3917822.2,1,485056.0,-3917928.8,1,485111.7,-3917955.2,1,485158.8,-3917970.5,1,485207.8,-3917979.2,1,485258.72,-3917978.5,1,485320.88,-3917968.2
11_2_â°ê{âÍê¸_ìåì˙ñ{ó∑ãqìSìπ,0,482470.28,-3904865.5,1,482464.7,-3904889.8,1,482456.1,-3904949.8,1,482453.03,-3905007.8,1,482453.78,-3905023.5,1,482453.22,-3905104.5,1,482454.9,-3905183.8,1,482455.0,-3905232.0,1,482456.62,-3905265.0,1,482460.06,-3905306.0,1,482463.3,-3905343.8,1,482467.34,-3905366.0,1,482470.56,-3905387.2,1,482475.34,-3905408.8
12_4_è¨ìcå¥ê¸_è¨ìcã}ìdìS,0,445571.62,-3903016.5,1,445630.03,-3902572.2,1,445633.5,-3902545.8,1,445679.56,-3902207.8,1,445727.0,-3901845.0,1,445756.75,-3901637.0,1,445769.9,-3901585.8
13_4_ç|çıê¸_î†ç™ìoéRìSìπ,0,436189.5,-3896181.5,1,436018.72,-3896107.8
11_2_íÜâõê¸_ìåì˙ñ{ó∑ãqìSìπ,0,451383.12,-3938318.5,1,451393.2,-3938338.8,1,451413.22,-3938373.2,1,451426.38,-3938393.5,1,451455.06,-3938424.8,1,451474.0,-3938442.8,1,451497.75,-3938463.5,1,451528.8,-3938484.5,1,451566.12,-3938502.0,1,451594.2,-3938517.2,1,451612.72,-3938527.8,1,451743.38,-3938589.0,1,451830.72,-3938633.2,1,451918.47,-3938682.0,1,452000.38,-3938726.2,1,452136.47,-3938793.5,1,452277.53,-3938857.0,1,452294.66,-3938863.0,1,452404.56,-3938907.0,1,452484.47,-3938936.2,1,452484.66,-3938936.2,1,452589.8,-3938973.8,1,452705.22,-3939014.8,1,452824.6,-3939060.5,1,452979.72,-3939114.8,1,453038.16,-3939135.0,1,453073.53,-3939147.0,1,453179.9,-3939181.2,1,453315.88,-3939226.8,1,453358.94,-3939239.5,1,453455.78,-3939267.0,1,453586.34,-3939301.5,1,453727.22,-3939334.2,1,453766.38,-3939341.5,1,453812.6,-3939349.2,1,453888.44,-3939358.2,1,453964.9,-3939367.0,1,454010.0,-3939369.8,1,454033.9,-3939370.8,1,454057.1,-3939371.2,1,454084.25,-3939370.5,1,454122.97,-3939366.2,1,454117.47,-3939367.2,1,454154.9,-3939362.2,1,454246.5,-3939351.5,1,454253.0,-3939350.8,1,454327.75,-3939339.8,1,454438.75,-3939324.8,1,454536.38,-3939310.2,1,454571.12,-3939308.2,1,454631.56,-3939314.5,1,454684.94,-3939324.8,1,454736.0,-3939341.5,1,454768.94,-3939354.0,1,454859.56,-3939407.8,1,454880.34,-3939416.2,1,454912.8,-3939428.2,1,454970.38,-3939440.0,1,455006.16,-3939443.5,1,455039.03,-3939445.8,1,455089.8,-3939444.5,1,455144.28,-3939436.8,1,455178.03,-3939433.0,1,455226.03,-3939432.8,1,455283.44,-3939434.2,1,455320.47,-3939436.5,1,455389.88,-3939444.5,1,455420.75,-3939446.8,1,455442.12,-3939448.5,1,455492.2,-3939446.5,1,455595.2,-3939437.5,1,455701.5,-3939425.2
12_4_ñ{ê¸_ãûïlã}çsìdìS,0,490300.66,-3921298.8,1,490388.94,-3921381.2
13_4_ç|çıê¸_î†ç™ìoéRìSìπ,0,436253.28,-3896210.0,1,436189.5,-3896181.5
12_4_ñ{ê¸_ãûïlã}çsìdìS,0,495051.03,-3925807.2,1,494999.94,-3925714.5
12_4_ìåâ°ê¸_ìåãûã}çsìdìS,0,489846.1,-3922019.5,1,489844.9,-3922019.2,1,489784.25,-3922214.8,1,489731.03,-3922387.5,1,489720.9,-3922423.0,1,489711.5,-3922452.5,1,489705.47,-3922478.2,1,489700.03,-3922500.5,1,489698.06,-3922521.8,1,489696.75,-3922539.0,1,489694.75,-3922557.2,1,489695.44,-3922583.5,1,489698.9,-3922619.5
12_4_ñ{ê¸_ãûïlã}çsìdìS,0,486860.06,-3913703.5,1,486864.0,-3913548.0,1,486872.06,-3913467.8,1,486882.34,-3913418.2,1,486904.38,-3913335.5,1,486944.8,-3913231.8,1,487003.1,-3913099.5,1,487033.4,-3913031.2,1,487063.56,-3912978.5,1,487073.34,-3912963.0,1,487082.16,-3912949.0,1,487115.78,-3912914.0,1,487182.44,-3912852.0,1,487241.75,-3912795.2,1,487258.78,-3912776.2,1,487280.2,-3912752.5,1,487317.97,-3912696.5,1,487372.88,-3912602.5,1,487391.53,-3912569.5,1,487395.16,-3912562.0,1,487437.75,-3912509.0,1,487470.03,-3912482.2,1,487502.34,-3912462.2,1,487540.2,-3912446.2,1,487603.47,-3912430.2,1,487776.94,-3912383.5,1,487789.47,-3912378.8,1,487845.1,-3912361.2,1,487900.1,-3912336.0,1,487935.2,-3912310.0,1,487955.78,-3912291.5,1,487988.8,-3912259.8,1,488029.97,-3912215.2,1,488047.03,-3912196.0,1,488064.44,-3912176.2,1,488068.7,-3912171.5
11_2_ìÏïêê¸_ìåì˙ñ{ó∑ãqìSìπ,0,493646.56,-3930466.5,1,493738.2,-3930205.2,1,493760.44,-3930138.2,1,493760.8,-3930137.0,1,493839.94,-3929900.8,1,493911.22,-3929702.2,1,493968.94,-3929546.5
11_2_ëäñÕê¸_ìåì˙ñ{ó∑ãqìSìπ,0,467263.5,-3925949.0,1,467299.4,-3925851.5
12_4_ñ{ê¸_ëäñÕìSìπ,0,471767.22,-3920706.8,1,471873.38,-3920705.2,1,471892.25,-3920704.5,1,472098.62,-3920695.2,1,472269.1,-3920689.0,1,472274.8,-3920688.8,1,472301.2,-3920687.0,1,472311.62,-3920685.2,1,472327.3,-3920682.8,1,472340.56,-3920680.8,1,472362.22,-3920676.8,1,472440.28,-3920661.5,1,472709.16,-3920613.0
11_2_ìåäCìπê¸_ìåì˙ñ{ó∑ãqìSìπ,0,445685.03,-3894951.2,1,445670.44,-3894913.5,1,445654.62,-3894874.5,1,445649.38,-3894863.0,1,445642.28,-3894849.0,1,445634.8,-3894833.8,1,445627.72,-3894820.2,1,445613.0,-3894793.8,1,445596.1,-3894763.2,1,445571.2,-3894722.0,1,445550.97,-3894691.5,1,445528.75,-3894656.5,1,445506.5,-3894622.2,1,445489.5,-3894580.0,1,445483.53,-3894553.2,1,445480.1,-3894526.0,1,445478.53,-3894478.5,1,445480.88,-3894445.5,1,445483.6,-3894356.0,1,445482.12,-3894323.8,1,445480.56,-3894291.5,1,445477.12,-3894250.5,1,445468.94,-3894173.0,1,445461.0,-3894108.8,1,445457.84,-3894056.5,1,445454.25,-3894001.5,1,445448.6,-3893923.8,1,445445.22,-3893893.0,1,445435.94,-3893864.8,1,445422.2,-3893832.5,1,445401.8,-3893787.8,1,445385.5,-3893753.5,1,445367.84,-3893723.8,1,445354.03,-3893699.0,1,445347.4,-3893669.5,1,445339.47,-3893638.8,1,445335.38,-3893610.5,1,445332.66,-3893579.2,1,445329.84,-3893551.8,1,445329.75,-3893535.2,1,445330.88,-3893510.0,1,445334.28,-3893488.8,1,445341.78,-3893465.5,1,445372.62,-3893313.2,1,445390.9,-3893219.8,1,445392.22,-3893212.2,1,445393.44,-3893204.8,1,445396.7,-3893184.8,1,445397.66,-3893179.0,1,445399.34,-3893169.5,1,445406.97,-3893139.0,1,445430.5,-3893054.8,1,445441.6,-3893007.5,1,445444.94,-3892977.0,1,445446.06,-3892950.0,1,445444.62,-3892923.2,1,445439.6,-3892874.8,1,445432.1,-3892839.2,1,445419.97,-3892807.2,1,445404.25,-3892779.8,1,445375.78,-3892736.8,1,445337.75,-3892696.2,1,445308.78,-3892662.2,1,445258.1,-3892615.0,1,445223.2,-3892579.8,1,445202.66,-3892555.2,1,445176.44,-3892498.2,1,445158.25,-3892454.8,1,445144.84,-3892419.2,1,445136.22,-3892376.5,1,445136.0,-3892343.8,1,445140.66,-3892312.8,1,445148.84,-3892283.5,1,445163.9,-3892203.2,1,445179.78,-3892146.0,1,445221.94,-3892073.5,1,445243.28,-3892036.2,1,445280.7,-3891978.2,1,445294.94,-3891953.5,1,445309.78,-3891925.8,1,445328.0,-3891883.5,1,445333.88,-3891862.2,1,445339.16,-3891832.5,1,445341.94,-3891807.5,1,445341.44,-3891725.2,1,445338.8,-3891683.8,1,445336.25,-3891654.0,1,445330.62,-3891612.0,1,445324.88,-3891560.0,1,445316.22,-3891518.0,1,445305.72,-3891467.0,1,445295.25,-3891423.2,1,445289.7,-3891404.5,1,445278.78,-3891378.2,1,445264.88,-3891348.5,1,445246.62,-3891311.5,1,445224.8,-3891273.0,1,445212.66,-3891249.0
11_2_ëäñÕê¸_ìåì˙ñ{ó∑ãqìSìπ,0,466843.34,-3927054.2,1,466863.8,-3927022.8,1,466884.28,-3926987.8,1,466895.25,-3926962.5,1,466901.78,-3926943.8,1,466907.56,-3926915.8,1,466935.8,-3926759.5,1,466940.34,-3926731.5,1,466947.16,-3926706.8,1,466956.22,-3926683.2,1,467003.6,-3926572.8,1,467045.03,-3926478.8,1,467078.3,-3926404.5,1,467110.6,-3926335.0,1,467147.03,-3926255.2,1,467179.84,-3926174.8,1,467194.56,-3926136.2,1,467201.56,-3926118.0,1,467220.78,-3926067.8,1,467232.28,-3926035.8,1,467239.47,-3926015.8,1,467263.5,-3925949.0
11_2_ìåäCìπê¸_ìåì˙ñ{ó∑ãqìSìπ,0,489293.7,-3920153.8,1,489331.03,-3920209.5,1,489351.47,-3920238.5,1,489363.47,-3920255.5,1,489433.2,-3920355.0,1,489515.16,-3920467.5,1,489578.22,-3920557.2,1,489683.8,-3920707.0,1,489738.44,-3920785.2,1,489773.16,-3920832.5,1,489816.78,-3920892.8,1,489842.28,-3920925.5,1,489895.34,-3920994.2,1,489925.16,-3921033.8,1,489949.06,-3921065.5,1,489977.75,-3921103.5,1,490006.66,-3921140.5,1,490040.0,-3921182.8,1,490059.8,-3921211.0,1,490115.5,-3921285.8
12_3_3çÜê¸_â°ïlés,0,489922.38,-3918315.5,1,489779.78,-3918543.8,1,489640.84,-3918766.8,1,489595.47,-3918836.0,1,489503.7,-3918975.0,1,489363.84,-3919191.0
11_2_â°ê{âÍê¸_ìåì˙ñ{ó∑ãqìSìπ,0,487368.97,-3901573.2,1,487257.88,-3901590.2
12_5_Ç›Ç»Ç∆Ç›ÇÁÇ¢ê¸_â°ïlçÇë¨ìSìπ,0,490175.66,-3919055.5,1,490184.88,-3919041.2,1,490226.56,-3918972.8,1,490239.6,-3918945.8,1,490252.4,-3918896.8,1,490260.44,-3918843.2,1,490263.88,-3918753.5,1,490262.03,-3918736.8,1,490242.53,-3918560.8,1,490239.12,-3918524.5,1,490240.66,-3918504.5,1,490243.8,-3918483.0,1,490249.5,-3918458.8,1,490258.0,-3918437.2,1,490268.4,-3918422.5,1,490282.84,-3918407.8,1,490366.06,-3918349.0
24_5_ã‡ëÚÉVÅ[ÉTÉCÉhÉâÉCÉì_â°ïlêVìsésåí ,0,490844.22,-3906266.8,1,490785.72,-3906357.0,1,490753.5,-3906408.2,1,490740.06,-3906426.8,1,490730.2,-3906437.8,1,490721.2,-3906446.5,1,490707.94,-3906458.2,1,490697.4,-3906464.8,1,490684.22,-3906471.5,1,490671.34,-3906476.0,1,490655.62,-3906481.0,1,490635.0,-3906485.8,1,490620.0,-3906487.8,1,490605.0,-3906487.8,1,490590.1,-3906486.2,1,490574.03,-3906484.0,1,490550.75,-3906476.8,1,490530.2,-3906466.8,1,490512.84,-3906456.2,1,490491.8,-3906440.8,1,490446.8,-3906397.2
11_2_ìåäCìπê¸_ìåì˙ñ{ó∑ãqìSìπ,0,496031.2,-3927353.2,1,496086.5,-3927406.5,1,496132.03,-3927447.8,1,496195.6,-3927503.5,1,496198.12,-3927505.8,1,496240.03,-3927546.2,1,496314.12,-3927618.5,1,496360.38,-3927664.0,1,496396.4,-3927705.2
11_2_ìåäCìπê¸_ìåì˙ñ{ó∑ãqìSìπ,0,494118.3,-3924876.8,1,494156.6,-3925066.5,1,494163.16,-3925100.0,1,494173.16,-3925140.0
12_3_1çÜê¸_â°ïlés,0,488916.03,-3916701.2,1,488872.28,-3916686.8,1,488776.47,-3916655.8
11_2_ìÏïêê¸_ìåì˙ñ{ó∑ãqìSìπ,0,495433.34,-3926384.2,1,495503.22,-3926349.2
12_4_ç]ÉmìáìdìSê¸_ç]ÉmìáìdìS,0,476526.28,-3903436.2,1,476472.3,-3903481.5,1,476449.62,-3903504.5,1,476440.84,-3903514.8,1,476431.62,-3903532.5,1,476419.25,-3903566.2,1,476416.1,-3903580.2,1,476414.8,-3903608.2,1,476416.25,-3903633.2,1,476418.47,-3903649.0,1,476420.22,-3903662.0,1,476425.28,-3903678.8,1,476432.03,-3903693.8,1,476442.0,-3903713.5,1,476477.06,-3903772.0,1,476513.4,-3903831.0,1,476526.28,-3903857.2,1,476531.34,-3903880.8,1,476533.12,-3903899.5,1,476532.78,-3903915.8,1,476529.66,-3903933.2,1,476525.06,-3903948.8,1,476516.66,-3903963.0,1,476502.78,-3903978.8,1,476477.12,-3904008.8,1,476465.34,-3904023.0,1,476463.3,-3904037.2,1,476477.3,-3904079.8
12_3_3çÜê¸_â°ïlés,0,490001.72,-3918193.2,1,489961.94,-3918254.5,1,489922.38,-3918315.5
12_4_è¨ìcå¥ê¸_è¨ìcã}ìdìS,0,477953.34,-3933816.0,1,477967.28,-3933847.8,1,478033.97,-3933999.8,1,478075.22,-3934086.8,1,478120.97,-3934196.2,1,478141.88,-3934258.5,1,478167.5,-3934401.0,1,478181.2,-3934474.5,1,478194.84,-3934538.8,1,478209.38,-3934591.0,1,478238.8,-3934664.5,1,478267.28,-3934720.0,1,478291.84,-3934762.8,1,478302.22,-3934780.5,1,478314.88,-3934801.8,1,478321.6,-3934811.0,1,478333.84,-3934827.5,1,478361.03,-3934858.2,1,478398.72,-3934901.5
11_2_ëäñÕê¸_ìåì˙ñ{ó∑ãqìSìπ,0,467179.4,-3913593.2,1,467094.03,-3913761.2,1,467022.66,-3913907.8,1,467002.22,-3913952.8,1,466993.78,-3913976.0,1,466991.03,-3913991.5,1,466988.16,-3914031.2,1,466977.47,-3914179.5,1,466958.25,-3914558.2,1,466948.56,-3914816.0,1,466942.9,-3915026.5,1,466942.06,-3915043.0
12_4_ç]ÉmìáìdìSê¸_ç]ÉmìáìdìS,0,476721.28,-3904782.0,1,476714.62,-3904876.8,1,476714.88,-3904967.5,1,476716.88,-3905075.0,1,476723.97,-3905150.0,1,476733.84,-3905212.8,1,476748.34,-3905293.2
12_4_êÄéqê¸_ãûïlã}çsìdìS,0,485399.06,-3901158.8,1,485415.94,-3901198.8,1,485437.28,-3901237.0,1,485453.53,-3901264.0,1,485466.72,-3901282.8,1,485484.3,-3901302.2,1,485507.0,-3901324.5,1,485533.38,-3901345.8,1,485556.16,-3901363.5,1,485579.53,-3901380.5,1,485607.38,-3901398.0,1,485634.5,-3901412.2,1,485658.62,-3901425.5,1,485682.1,-3901434.5,1,485696.0,-3901440.5,1,485769.97,-3901468.0,1,485807.0,-3901482.5,1,485842.84,-3901494.0,1,485873.7,-3901509.2,1,485890.53,-3901518.0,1,485922.0,-3901537.5,1,485941.75,-3901551.8,1,485966.72,-3901573.0,1,485977.1,-3901581.5,1,485987.56,-3901594.8,1,486010.62,-3901626.8,1,486036.12,-3901663.2,1,486053.9,-3901695.5,1,486079.78,-3901737.5,1,486107.7,-3901783.8,1,486136.3,-3901831.8,1,486169.3,-3901885.8,1,486213.6,-3901960.0,1,486237.75,-3902001.0,1,486256.8,-3902031.0,1,486277.4,-3902065.8,1,486298.66,-3902102.2,1,486307.4,-3902120.2,1,486326.53,-3902148.2,1,486339.03,-3902171.0,1,486355.97,-3902198.5,1,486373.56,-3902231.5,1,486394.8,-3902267.0,1,486412.4,-3902297.2,1,486434.44,-3902328.2,1,486453.5,-3902354.0,1,486477.0,-3902384.2
12_4_ç]ÉmìáìdìSê¸_ç]ÉmìáìdìS,0,478989.2,-3902437.8,1,478983.0,-3902434.5,1,478976.06,-3902431.2,1,478963.7,-3902426.0,1,478944.3,-3902417.0
11_2_â°ê{âÍê¸_ìåì˙ñ{ó∑ãqìSìπ,0,487368.97,-3901573.2,1,487444.22,-3901564.8,1,487498.3,-3901558.2,1,487529.94,-3901552.8,1,487657.12,-3901535.8,1,487756.47,-3901523.0,1,487880.75,-3901506.0,1,487966.66,-3901493.5,1,488003.75,-3901488.5,1,488032.75,-3901485.2,1,488137.47,-3901469.2,1,488170.34,-3901461.8,1,488189.34,-3901458.5,1,488206.62,-3901453.5,1,488243.97,-3901444.5,1,488311.3,-3901423.0,1,488376.84,-3901401.2,1,488434.75,-3901379.2,1,488487.9,-3901355.8,1,488544.4,-3901325.5,1,488626.8,-3901271.5,1,488671.22,-3901239.2,1,488732.28,-3901193.5,1,488851.56,-3901108.8,1,488966.3,-3901043.8,1,488984.94,-3901034.5,1,489046.28,-3901005.0,1,489080.8,-3900989.2,1,489102.88,-3900979.0,1,489120.06,-3900972.2,1,489128.53,-3900972.2,1,489135.78,-3900972.8,1,489193.6,-3900956.8,1,489228.16,-3900947.2,1,489304.03,-3900924.2,1,489348.5,-3900912.2,1,489354.66,-3900911.0,1,489402.22,-3900906.0,1,489456.3,-3900901.0,1,489489.78,-3900903.8,1,489590.16,-3900914.5,1,489729.12,-3900935.0,1,489893.62,-3900958.8,1,490033.12,-3900976.8,1,490047.7,-3900977.8,1,490078.97,-3900981.0,1,490095.53,-3900982.2,1,490143.25,-3900983.2,1,490201.25,-3900978.0,1,490239.44,-3900972.0,1,490276.1,-3900966.2,1,490328.0,-3900957.5,1,490368.25,-3900952.8,1,490472.2,-3900936.2,1,490501.2,-3900932.0
12_4_ç]ÉmìáìdìSê¸_ç]ÉmìáìdìS,0,480106.62,-3902211.2,1,480056.97,-3902209.5
12_3_1çÜê¸_â°ïlés,0,476564.3,-3913181.5,1,476579.22,-3913188.2,1,476612.66,-3913202.2,1,476785.03,-3913276.0,1,477055.1,-3913389.2,1,477103.97,-3913410.0,1,477307.97,-3913501.5,1,477345.06,-3913523.5,1,477387.8,-3913553.2,1,477422.84,-3913582.0,1,477454.34,-3913610.0,1,477478.1,-3913632.5,1,477503.12,-3913660.8,1,477532.38,-3913697.2,1,477554.6,-3913728.0,1,477575.56,-3913757.2,1,477608.0,-3913804.5,1,477646.22,-3913866.8,1,477671.4,-3913919.2,1,477780.53,-3914143.8,1,477796.4,-3914174.8,1,477823.5,-3914215.0,1,477851.62,-3914247.8,1,477890.1,-3914280.5,1,477943.22,-3914313.2,1,477998.28,-3914339.8,1,478038.8,-3914354.8,1,478091.88,-3914368.5
11_2_â°ïlê¸_ìåì˙ñ{ó∑ãqìSìπ,0,488858.06,-3924582.2,1,488982.78,-3924603.0,1,489029.5,-3924610.8,1,489049.2,-3924614.0,1,489081.12,-3924620.2,1,489099.44,-3924624.5,1,489110.97,-3924627.5,1,489118.4,-3924629.8,1,489135.56,-3924635.8,1,489156.97,-3924644.8,1,489196.72,-3924663.5,1,489269.84,-3924700.0,1,489383.53,-3924756.5,1,489478.8,-3924803.0,1,489531.62,-3924828.8,1,489568.72,-3924844.0,1,489600.84,-3924857.5,1,489662.34,-3924873.0,1,489727.1,-3924885.0,1,489804.8,-3924891.0
12_4_ìcâÄìsésê¸_ìåãûã}çsìdìS,0,485696.44,-3933233.8,1,485827.2,-3933249.2,1,485901.78,-3933258.8,1,485939.8,-3933262.0,1,486010.62,-3933280.5,1,486039.25,-3933291.0,1,486120.38,-3933322.2,1,486231.66,-3933380.8,1,486259.84,-3933396.0,1,486281.7,-3933407.0
11_2_ìÏïêê¸_ìåì˙ñ{ó∑ãqìSìπ,0,492641.4,-3932280.2,1,492721.7,-3932278.0,1,492857.06,-3932277.2,1,492882.7,-3932277.0,1,492914.84,-3932276.8,1,492965.3,-3932266.5,1,492985.78,-3932259.0,1,493019.56,-3932244.5,1,493053.34,-3932228.0,1,493083.4,-3932208.8,1,493117.38,-3932183.0,1,493139.56,-3932161.5,1,493161.28,-3932138.5,1,493172.88,-3932125.0,1,493193.25,-3932097.2,1,493208.53,-3932073.5,1,493223.28,-3932042.0,1,493240.38,-3931995.8,1,493274.97,-3931855.2
11_2_ìÏïêê¸_ìåì˙ñ{ó∑ãqìSìπ,0,489715.44,-3933543.2,1,489706.84,-3933547.8,1,489673.97,-3933565.5,1,489614.66,-3933597.5,1,489396.4,-3933717.5,1,489354.66,-3933740.5,1,489227.8,-3933813.5,1,489202.94,-3933832.0,1,489168.0,-3933859.8,1,489129.44,-3933895.8,1,489052.1,-3933969.5,1,489029.56,-3933990.5,1,488920.16,-3934091.8,1,488729.53,-3934271.5,1,488583.5,-3934412.5,1,488477.0,-3934510.8,1,488300.66,-3934675.8
11_2_ç™ä›ê¸_ìåì˙ñ{ó∑ãqìSìπ,0,488980.9,-3911228.2,1,488989.25,-3911209.2,1,489008.53,-3911157.8,1,489019.56,-3911120.8,1,489033.3,-3911063.5,1,489041.6,-3911011.2,1,489045.25,-3910955.2,1,489046.1,-3910905.8,1,489040.5,-3910854.2,1,489028.44,-3910801.8,1,489010.75,-3910741.8,1,488994.78,-3910697.8,1,488982.03,-3910665.2,1,488962.66,-3910634.0,1,488933.62,-3910594.0,1,488924.8,-3910583.5,1,488889.7,-3910543.2,1,488859.22,-3910512.0,1,488828.78,-3910485.0,1,488789.94,-3910456.0,1,488766.12,-3910438.2,1,488732.78,-3910420.2,1,488694.88,-3910402.2,1,488663.53,-3910388.8,1,488594.66,-3910368.2,1,488475.62,-3910338.2,1,488406.38,-3910322.8,1,488357.5,-3910312.8,1,488312.34,-3910306.0,1,488243.22,-3910298.2,1,488219.25,-3910298.2,1,488170.38,-3910296.0,1,488134.3,-3910299.5,1,488054.5,-3910316.0,1,488041.25,-3910318.5,1,488023.34,-3910323.2,1,487960.88,-3910341.5,1,487935.1,-3910350.2,1,487901.5,-3910359.2,1,487868.38,-3910369.5,1,487839.78,-3910377.2,1,487831.5,-3910380.0,1,487734.44,-3910411.5,1,487668.44,-3910433.0,1,487548.88,-3910474.2,1,487497.22,-3910490.0,1,487381.97,-3910504.8,1,487295.34,-3910518.5,1,487245.6,-3910521.8,1,487204.97,-3910516.2,1,487133.94,-3910509.8,1,487070.34,-3910495.2,1,487009.47,-3910477.2,1,486931.47,-3910448.0
24_5_ã‡ëÚÉVÅ[ÉTÉCÉhÉâÉCÉì_â°ïlêVìsésåí ,0,491037.97,-3909715.5,1,491026.88,-3909896.0,1,491020.3,-3910047.5,1,491008.1,-3910114.0,1,490994.0,-3910170.2,1,490978.06,-3910215.0
11_2_ëäñÕê¸_ìåì˙ñ{ó∑ãqìSìπ,0,469527.03,-3905115.2,1,469608.3,-3905149.2,1,469701.12,-3905188.0
12_4_ç]ÉmìáìdìSê¸_ç]ÉmìáìdìS,0,482159.84,-3903239.5,1,482112.2,-3903227.0,1,482045.97,-3903209.5,1,481974.12,-3903188.8,1,481917.56,-3903172.8,1,481863.72,-3903159.5
11_2_â°ïlê¸_ìåì˙ñ{ó∑ãqìSìπ,0,464642.1,-3934025.0,1,464696.38,-3933989.8,1,464919.12,-3933845.2,1,465056.7,-3933758.2,1,465108.9,-3933723.0,1,465312.5,-3933594.8,1,465541.16,-3933451.0,1,465632.9,-3933391.5,1,465744.78,-3933316.5,1,465767.66,-3933302.8,1,465774.4,-3933298.8,1,465785.72,-3933291.2,1,465801.0,-3933281.2,1,465850.6,-3933249.5,1,465957.34,-3933178.8,1,466085.03,-3933095.2,1,466170.62,-3933039.5,1,466275.38,-3932972.0,1,466324.28,-3932940.8
11_2_ìåäCìπê¸_ìåì˙ñ{ó∑ãqìSìπ,0,473320.9,-3905833.0,1,473437.44,-3905837.8,1,473706.28,-3905850.5,1,473994.16,-3905868.8,1,474221.56,-3905881.5,1,474239.66,-3905882.5,1,474481.44,-3905896.5,1,474735.94,-3905911.8,1,474989.34,-3905926.2,1,475245.1,-3905941.2,1,475310.72,-3905945.0,1,475604.56,-3905961.5,1,475674.38,-3905965.8,1,475969.3,-3905984.5,1,476328.88,-3906001.5,1,476539.47,-3906016.2,1,476679.8,-3906024.0
11_2_ìåäCìπê¸_ìåì˙ñ{ó∑ãqìSìπ,0,492977.2,-3923087.0,1,492991.28,-3923112.8,1,492998.38,-3923126.5,1,493020.34,-3923155.2,1,493041.84,-3923182.5,1,493074.53,-3923214.8,1,493097.75,-3923235.5,1,493190.34,-3923315.0
12_4_ìSìπê¸_î†ç™ìoéRìSìπ,0,439454.2,-3894733.5,1,439430.75,-3894767.5,1,439408.3,-3894800.5,1,439395.25,-3894822.2,1,439389.44,-3894834.5
11_2_ìåäCìπê¸_ìåì˙ñ{ó∑ãqìSìπ,0,469558.1,-3905084.2,1,469510.78,-3905065.5,1,469355.78,-3905000.8,1,469237.9,-3904951.2,1,469125.5,-3904902.8,1,469042.75,-3904863.8,1,468949.56,-3904829.8,1,468829.2,-3904795.2,1,468766.25,-3904783.2,1,468703.97,-3904775.0,1,468649.88,-3904773.2,1,468608.8,-3904777.2,1,468472.62,-3904799.5,1,468312.6,-3904826.2,1,468178.88,-3904845.2,1,467969.66,-3904878.5,1,467928.16,-3904886.2,1,467920.72,-3904887.2,1,467833.88,-3904899.2,1,467742.75,-3904913.2,1,467689.62,-3904921.8,1,467636.94,-3904932.8,1,467582.34,-3904944.8,1,467493.4,-3904976.2,1,467403.0,-3905009.2,1,467349.72,-3905028.2,1,467309.6,-3905041.8,1,467199.12,-3905084.2,1,467114.9,-3905116.0,1,467005.28,-3905158.2,1,466921.06,-3905193.8,1,466881.22,-3905210.5,1,466865.88,-3905215.8,1,466833.38,-3905226.8
12_4_ìSìπê¸_î†ç™ìoéRìSìπ,0,443531.0,-3895320.0,1,443495.1,-3895296.0,1,443435.06,-3895257.5,1,443396.34,-3895232.8,1,443373.7,-3895218.8,1,443359.78,-3895208.0,1,443357.12,-3895206.2,1,443347.34,-3895198.0,1,443333.97,-3895183.5,1,443312.44,-3895160.2,1,443286.22,-3895132.2,1,443260.3,-3895104.2,1,443241.56,-3895089.2,1,443223.38,-3895076.8,1,443198.44,-3895061.2,1,443155.7,-3895035.0,1,443120.94,-3895011.0,1,443094.25,-3894992.8,1,443076.53,-3894980.2,1,443027.28,-3894946.0,1,442999.5,-3894928.8,1,442998.12,-3894927.5,1,442975.16,-3894907.2,1,442959.78,-3894893.8,1,442953.66,-3894887.8,1,442941.06,-3894871.8,1,442926.94,-3894852.2,1,442909.4,-3894828.8,1,442881.7,-3894790.2,1,442847.72,-3894745.0,1,442807.8,-3894694.2,1,442790.3,-3894673.8,1,442765.62,-3894653.2,1,442752.88,-3894641.8,1,442722.8,-3894621.0,1,442702.28,-3894611.8,1,442688.06,-3894606.8,1,442679.66,-3894604.2,1,442636.53,-3894591.5,1,442610.75,-3894584.8,1,442588.88,-3894581.8,1,442565.4,-3894580.0,1,442538.2,-3894582.2,1,442512.2,-3894586.2,1,442485.75,-3894592.8,1,442455.03,-3894599.2,1,442437.97,-3894602.5,1,442401.84,-3894607.0,1,442375.84,-3894609.0,1,442344.0,-3894611.0,1,442321.25,-3894610.5,1,442298.7,-3894609.0,1,442270.8,-3894607.0,1,442245.22,-3894604.5,1,442193.75,-3894596.8,1,442158.4,-3894591.0,1,442142.12,-3894590.0,1,442093.94,-3894583.5,1,442074.2,-3894579.8,1,442040.2,-3894573.8,1,442031.62,-3894571.5
12_4_Ç¢Ç∏Ç›ñÏê¸_ëäñÕìSìπ,0,477551.78,-3916074.5,1,477745.8,-3916026.0
12_4_ç]Émìáê¸_è¨ìcã}ìdìS,0,473365.38,-3923437.0,1,473306.03,-3923581.0,1,473222.1,-3923777.8,1,473161.3,-3923921.0,1,473137.25,-3923974.0,1,473097.8,-3924063.2,1,473073.72,-3924141.5,1,473061.1,-3924186.0,1,473056.8,-3924215.8,1,473055.56,-3924254.5,1,473050.78,-3924319.0,1,473048.75,-3924365.2,1,473048.28,-3924453.2,1,473045.4,-3924671.5
12_3_1çÜê¸_â°ïlés,0,486432.53,-3912942.5,1,486300.94,-3912876.5
12_4_è¨ìcå¥ê¸_è¨ìcã}ìdìS,0,449316.4,-3910052.8,1,448917.12,-3910065.5,1,448665.2,-3910076.0,1,448467.06,-3910122.8,1,448187.8,-3910200.2,1,448126.03,-3910201.0,1,448102.75,-3910195.2,1,448080.56,-3910189.8,1,448044.5,-3910174.2,1,448037.47,-3910171.2,1,447991.88,-3910141.2,1,447888.12,-3910057.8,1,447783.97,-3909974.2,1,447735.75,-3909932.0,1,447696.9,-3909890.0,1,447645.47,-3909826.5,1,447543.16,-3909696.0,1,447519.34,-3909663.5,1,447499.8,-3909630.2,1,447479.0,-3909582.0,1,447469.4,-3909544.2,1,447464.47,-3909524.2,1,447452.06,-3909466.5,1,447442.62,-3909390.2,1,447439.7,-3909358.2,1,447431.75,-3909287.2,1,447431.44,-3909282.0,1,447426.8,-3909251.0,1,447425.22,-3909243.5,1,447417.56,-3909208.5,1,447401.16,-3909169.2,1,447384.06,-3909138.0,1,447357.75,-3909108.5,1,447326.4,-3909080.8,1,447256.25,-3909029.8,1,447206.06,-3908991.5,1,447191.0,-3908979.8,1,447177.03,-3908969.0,1,447147.3,-3908937.5,1,447126.62,-3908912.8,1,447109.62,-3908880.2,1,447093.9,-3908845.5,1,447082.34,-3908797.2,1,447075.9,-3908752.5,1,447074.38,-3908707.2,1,447081.6,-3908667.8,1,447096.3,-3908626.0,1,447135.1,-3908545.8,1,447151.1,-3908514.8,1,447173.22,-3908458.8,1,447186.0,-3908411.0,1,447193.25,-3908373.8,1,447198.62,-3908333.5,1,447200.22,-3908291.2,1,447194.44,-3908251.2,1,447177.34,-3908206.2,1,447138.97,-3908152.8,1,447106.44,-3908107.8,1,447053.5,-3908034.8,1,447024.7,-3908003.0,1,446985.3,-3907967.8,1,446942.7,-3907935.2,1,446884.53,-3907890.2,1,446815.8,-3907838.5,1,446784.47,-3907809.2,1,446753.56,-3907777.5,1,446735.72,-3907752.2,1,446681.12,-3907652.5,1,446627.1,-3907551.0,1,446583.44,-3907468.8,1,446562.72,-3907435.5,1,446546.38,-3907410.0,1,446516.28,-3907372.2,1,446449.9,-3907304.5,1,446320.03,-3907169.5,1,446278.0,-3907126.5,1,446220.47,-3907082.2,1,446194.1,-3907064.0,1,446159.53,-3907044.5,1,446117.1,-3907025.0,1,446091.03,-3907016.8,1,446064.66,-3907011.0,1,446012.38,-3907006.8,1,445943.22,-3907005.8,1,445915.22,-3907005.8,1,445898.4,-3907004.2,1,445873.5,-3907002.2,1,445870.84,-3907002.0,1,445789.56,-3906994.5,1,445722.88,-3906982.0,1,445655.53,-3906966.5,1,445590.06,-3906944.8,1,445537.6,-3906922.5,1,445481.72,-3906893.2,1,445466.7,-3906889.5
12_4_ç]ÉmìáìdìSê¸_ç]ÉmìáìdìS,0,481381.12,-3902988.5,1,481330.72,-3902972.8
11_2_ëäñÕê¸_ìåì˙ñ{ó∑ãqìSìπ,0,465739.28,-3930222.8,1,465726.16,-3930245.2,1,465705.62,-3930282.5
12_4_ìcâÄìsésê¸_ìåãûã}çsìdìS,0,488223.34,-3934902.5,1,488328.22,-3934968.8,1,488511.44,-3935081.0,1,488719.38,-3935211.2
12_3_1çÜê¸_â°ïlés,0,488179.7,-3916168.5,1,488070.62,-3916073.5
12_4_ç]ÉmìáìdìSê¸_ç]ÉmìáìdìS,0,476477.3,-3904079.8,1,476497.1,-3904132.8
12_4_ç]Émìáê¸_è¨ìcã}ìdìS,0,475857.84,-3907106.8,1,475890.34,-3907034.0
11_2_ìÏïêê¸_ìåì˙ñ{ó∑ãqìSìπ,0,490947.1,-3932767.0,1,491074.66,-3932682.2
12_4_ñ{ê¸_ëäñÕìSìπ,0,476482.78,-3920571.8,1,476563.38,-3920578.2
12_4_è¨ìcå¥ê¸_è¨ìcã}ìdìS,0,457297.72,-3909898.5,1,457307.12,-3909909.8,1,457337.38,-3909948.8,1,457370.03,-3909996.0,1,457405.94,-3910055.5,1,457468.8,-3910158.5,1,457484.56,-3910184.8,1,457517.34,-3910238.0,1,457521.56,-3910246.2,1,457533.8,-3910266.0,1,457538.12,-3910274.0,1,457542.53,-3910281.0,1,457575.84,-3910336.0,1,457591.7,-3910362.5,1,457604.22,-3910382.0,1,457751.53,-3910625.0,1,457769.72,-3910650.2,1,457784.16,-3910667.8,1,457792.12,-3910679.8
11_2_ç™ä›ê¸_ìåì˙ñ{ó∑ãqìSìπ,0,480978.94,-3907876.5,1,480937.62,-3907720.5,1,480908.3,-3907609.8
12_3_3çÜê¸_â°ïlés,0,489034.44,-3919912.0,1,489054.84,-3919825.8,1,489064.75,-3919779.0,1,489075.5,-3919727.0,1,489085.03,-3919674.8,1,489096.97,-3919627.8,1,489111.9,-3919590.2,1,489134.34,-3919544.0,1,489150.9,-3919519.2,1,489171.66,-3919497.2,1,489226.1,-3919405.0,1,489275.44,-3919323.0
12_3_1çÜê¸_â°ïlés,0,482806.78,-3913076.0,1,482671.7,-3913042.2
12_4_ç]Émìáê¸_è¨ìcã}ìdìS,0,475466.25,-3903997.5,1,475426.47,-3904075.5
12_4_ç]ÉmìáìdìSê¸_ç]ÉmìáìdìS,0,480672.03,-3902765.8,1,480633.3,-3902729.8
13_4_ëÂéRç|çıê¸_ëÂéRäœåıìdìS,0,454918.9,-3915950.5,1,454878.97,-3915966.8
12_4_ñ{ê¸_ãûïlã}çsìdìS,0,490876.47,-3921829.2,1,490901.97,-3921851.5,1,490924.6,-3921869.2,1,491062.12,-3921984.0,1,491073.94,-3921992.8,1,491120.22,-3922031.0,1,491163.25,-3922062.2,1,491200.38,-3922087.5
12_4_ç]Émìáê¸_è¨ìcã}ìdìS,0,472628.06,-3925999.5,1,472587.1,-3926090.0,1,472570.6,-3926126.5,1,472564.03,-3926141.0
12_4_ãvó¢ïlê¸_ãûïlã}çsìdìS,0,495365.12,-3897018.8,1,495351.2,-3896972.8,1,495323.12,-3896872.5
12_4_ñ{ê¸_ëäñÕìSìπ,0,486784.75,-3919145.5,1,486842.53,-3919074.8,1,486895.78,-3919008.2,1,486933.22,-3918968.8,1,486990.5,-3918924.2,1,487072.28,-3918880.2,1,487168.7,-3918841.0,1,487248.5,-3918806.8,1,487341.0,-3918767.2
12_4_ñ{ê¸_ãûïlã}çsìdìS,0,494190.34,-3898337.2,1,494224.62,-3898313.5,1,494246.88,-3898297.8,1,494269.16,-3898283.8,1,494315.8,-3898251.2,1,494338.25,-3898235.2,1,494343.8,-3898231.8,1,494424.25,-3898177.5,1,494503.44,-3898125.2,1,494588.1,-3898069.5,1,494616.28,-3898049.5,1,494640.0,-3898032.2,1,494646.2,-3898025.0,1,494660.2,-3898009.8,1,494708.72,-3897948.2,1,494756.9,-3897892.8,1,494799.72,-3897842.2,1,494841.62,-3897796.2,1,494850.06,-3897786.8,1,494861.88,-3897776.2,1,494872.44,-3897767.5,1,494876.7,-3897764.0,1,494881.34,-3897760.0,1,494912.34,-3897734.8,1,494996.72,-3897678.0
12_4_ñ{ê¸_ãûïlã}çsìdìS,0,488965.88,-3918979.8,1,489014.9,-3918852.2,1,489041.38,-3918770.0,1,489074.06,-3918629.5,1,489110.53,-3918467.2,1,489123.97,-3918413.8,1,489149.5,-3918365.5,1,489155.5,-3918357.2,1,489182.75,-3918321.5,1,489219.1,-3918275.8,1,489248.8,-3918236.8,1,489285.44,-3918200.0,1,489321.78,-3918159.2,1,489384.78,-3918093.5,1,489423.03,-3918054.2,1,489458.84,-3918019.5,1,489476.97,-3918001.0,1,489492.72,-3917984.0,1,489523.0,-3917947.0,1,489536.78,-3917928.0,1,489550.2,-3917906.0,1,489558.94,-3917881.8,1,489575.44,-3917849.2,1,489578.5,-3917843.2
12_4_ìcâÄìsésê¸_ìåãûã}çsìdìS,0,485696.44,-3933233.8,1,485609.53,-3933224.0,1,485586.6,-3933220.0,1,485564.4,-3933216.2,1,485538.22,-3933209.5,1,485520.2,-3933204.8
12_4_è¨ìcå¥ê¸_è¨ìcã}ìdìS,0,446439.72,-3900174.8,1,446579.28,-3900016.0,1,446637.8,-3899946.0,1,446665.56,-3899903.0,1,446685.0,-3899854.8,1,446695.22,-3899810.0,1,446702.38,-3899747.5,1,446698.97,-3899676.2,1,446687.06,-3899569.5,1,446663.8,-3899360.8,1,446652.38,-3899273.8,1,446647.34,-3899236.2,1,446642.0,-3899194.0,1,446638.53,-3899165.8,1,446634.03,-3899124.5,1,446618.9,-3898998.0,1,446617.78,-3898868.8,1,446619.06,-3898840.0,1,446622.38,-3898785.5
12_3_3çÜê¸_â°ïlés,0,488701.03,-3923378.2,1,488703.94,-3923392.5,1,488726.72,-3923478.8,1,488738.12,-3923526.8,1,488758.34,-3923603.5,1,488769.03,-3923647.5,1,488781.12,-3923688.5,1,488791.44,-3923736.0,1,488798.1,-3923755.8,1,488810.2,-3923778.0,1,488827.0,-3923799.5,1,488847.88,-3923821.8,1,488892.66,-3923871.2,1,488931.78,-3923915.8,1,488959.3,-3923946.0,1,488969.56,-3923959.0,1,488987.2,-3923986.5,1,488997.75,-3924008.2,1,489009.5,-3924048.5,1,489019.8,-3924094.2,1,489031.5,-3924154.0,1,489035.78,-3924182.8,1,489029.3,-3924243.8,1,488996.66,-3924359.8,1,488956.22,-3924459.8,1,488907.75,-3924639.8,1,488771.56,-3924795.0
12_4_ëΩñÄê¸_è¨ìcã}ìdìS,0,475531.6,-3936311.2,1,475501.88,-3936343.0,1,475482.03,-3936365.0,1,475453.3,-3936399.0
12_4_ç]Émìáê¸_è¨ìcã}ìdìS,0,476507.4,-3905958.2,1,476546.62,-3905968.2,1,476599.25,-3905981.8,1,476637.0,-3905989.8,1,476663.1,-3905994.0,1,476695.2,-3905997.5,1,476771.97,-3906000.8,1,476831.06,-3906003.2
12_4_ñ{ê¸_ãûïlã}çsìdìS,0,492768.8,-3899533.8,1,492891.4,-3899539.5
12_4_è¨ìcå¥ê¸_è¨ìcã}ìdìS,0,445769.9,-3901585.8,1,445815.06,-3901445.8
12_4_ìåâ°ê¸_ìåãûã}çsìdìS,0,492828.8,-3932771.2,1,492781.44,-3932651.8
11_2_íﬂå©ê¸_ìåì˙ñ{ó∑ãqìSìπ,0,496810.8,-3924016.0,1,496872.22,-3924043.0
11_2_ìÏïêê¸_ìåì˙ñ{ó∑ãqìSìπ,0,491074.66,-3932682.2,1,491186.84,-3932602.0,1,491271.06,-3932544.8,1,491426.62,-3932446.2,1,491474.34,-3932417.5,1,491477.78,-3932415.5,1,491531.22,-3932386.2,1,491596.4,-3932359.8,1,491653.66,-3932342.5,1,491702.66,-3932329.0,1,491779.94,-3932313.2,1,491868.1,-3932300.0,1,491930.06,-3932292.8,1,491981.88,-3932288.2,1,492029.62,-3932288.0,1,492168.25,-3932287.0,1,492246.0,-3932284.5,1,492461.38,-3932284.8,1,492560.84,-3932283.0
12_4_ñ{ê¸_ëäñÕìSìπ,0,485339.8,-3920273.8,1,485460.03,-3920158.8
12_3_1çÜê¸_â°ïlés,0,486797.5,-3913716.0,1,486776.5,-3913570.8,1,486759.75,-3913486.0,1,486743.06,-3913423.0,1,486728.47,-3913385.0,1,486701.44,-3913333.5,1,486651.1,-3913246.5,1,486607.38,-3913164.5,1,486564.66,-3913081.2,1,486531.34,-3913016.8,1,486503.22,-3912985.2,1,486474.06,-3912966.2,1,486432.53,-3912942.5
11_2_â°ïlê¸_ìåì˙ñ{ó∑ãqìSìπ,0,491389.7,-3922913.8,1,491372.56,-3923022.8
12_4_è¨ìcå¥ê¸_è¨ìcã}ìdìS,0,478888.72,-3935375.0,1,478942.28,-3935426.8,1,478995.94,-3935483.5,1,479017.2,-3935506.0,1,479040.16,-3935530.2,1,479111.62,-3935602.5,1,479196.6,-3935687.0,1,479248.84,-3935728.5,1,479292.3,-3935754.2,1,479355.4,-3935782.5,1,479511.78,-3935850.0
12_4_ëÂóYéRê¸_à…ì§î†ç™ìSìπ,0,445227.84,-3900565.5,1,445097.5,-3900696.0,1,444997.9,-3900795.8,1,444857.1,-3900937.8,1,444802.3,-3900993.2,1,444800.88,-3900994.8
11_2_ìÏïêê¸_ìåì˙ñ{ó∑ãqìSìπ,0,492560.84,-3932283.0,1,492631.16,-3932281.0
12_4_Ç±Ç«Ç‡ÇÃçëê¸_ìåãûã}çsìdìS,0,477699.0,-3927364.0,1,477470.25,-3927381.8
11_2_íﬂå©ê¸_ìåì˙ñ{ó∑ãqìSìπ,0,495884.47,-3923563.2,1,495911.3,-3923576.0,1,495923.66,-3923582.5,1,495970.9,-3923605.5,1,495980.53,-3923610.2,1,496052.75,-3923644.2,1,496141.38,-3923687.8,1,496179.84,-3923708.2,1,496238.72,-3923739.5,1,496297.94,-3923769.0,1,496329.25,-3923783.0
11_2_ìÏïêê¸_ìåì˙ñ{ó∑ãqìSìπ,0,493968.94,-3929546.5,1,493999.53,-3929463.2
12_4_Ç¢Ç∏Ç›ñÏê¸_ëäñÕìSìπ,0,477551.78,-3916074.5,1,477745.8,-3916026.0
11_2_íﬂå©ê¸_ìåì˙ñ{ó∑ãqìSìπ,0,497264.34,-3923338.0,1,497241.94,-3923379.5,1,497153.38,-3923543.5,1,497133.44,-3923581.2,1,497112.78,-3923619.8,1,496982.25,-3923862.2,1,496974.56,-3923876.5,1,496968.38,-3923889.5,1,496961.88,-3923900.8,1,496956.25,-3923910.2,1,496947.72,-3923923.0,1,496937.03,-3923936.8,1,496925.97,-3923948.5,1,496913.47,-3923959.2,1,496901.66,-3923967.5,1,496893.4,-3923972.8,1,496875.2,-3923981.8,1,496859.78,-3923987.0,1,496847.25,-3923990.8,1,496835.1,-3923993.2,1,496819.78,-3923994.8,1,496802.47,-3923994.8,1,496777.53,-3923994.0,1,496753.12,-3923987.2
11_2_ìåäCìπê¸_ìåì˙ñ{ó∑ãqìSìπ,0,464499.94,-3904847.0,1,464612.1,-3904871.2,1,464737.28,-3904899.5,1,464796.34,-3904918.2,1,464851.03,-3904935.0,1,464875.3,-3904941.2,1,464965.38,-3904964.2,1,465080.72,-3904988.0,1,465203.44,-3905011.8,1,465272.47,-3905027.0,1,465325.03,-3905038.5,1,465359.34,-3905046.2,1,465485.66,-3905069.0,1,465642.28,-3905097.2,1,465692.4,-3905107.5,1,465849.7,-3905140.2,1,466020.3,-3905175.5,1,466185.03,-3905210.0,1,466327.47,-3905240.8,1,466336.47,-3905242.0,1,466388.3,-3905250.8,1,466390.03,-3905251.0,1,466414.5,-3905254.2,1,466425.7,-3905256.0,1,466460.16,-3905260.8,1,466478.53,-3905263.0,1,466497.53,-3905264.8,1,466519.06,-3905266.2,1,466535.88,-3905266.2,1,466559.78,-3905266.2,1,466587.22,-3905265.0,1,466608.7,-3905263.8,1,466646.84,-3905260.5,1,466671.53,-3905258.2,1,466695.06,-3905254.5,1,466715.16,-3905251.5,1,466734.84,-3905247.5,1,466771.62,-3905239.5,1,466807.88,-3905231.5,1,466833.38,-3905226.8
12_4_è¨ìcå¥ê¸_è¨ìcã}ìdìS,0,480770.2,-3936506.8,1,480821.6,-3936502.5,1,480867.06,-3936498.8,1,480998.47,-3936491.2,1,481063.66,-3936491.8,1,481336.9,-3936499.2,1,481583.44,-3936505.0,1,481702.2,-3936509.5,1,481823.75,-3936525.0
11_2_íﬂå©ê¸_ìåì˙ñ{ó∑ãqìSìπ,0,498271.75,-3923976.0,1,498293.88,-3924040.2
12_4_ç]Émìáê¸_è¨ìcã}ìdìS,0,474890.06,-3916412.8,1,474896.78,-3916541.2,1,474905.88,-3916705.0,1,474911.12,-3916805.0,1,474913.06,-3916841.8,1,474915.16,-3916879.5,1,474923.16,-3917040.2,1,474923.53,-3917048.0,1,474931.06,-3917214.5,1,474936.66,-3917328.5,1,474939.44,-3917385.8,1,474946.6,-3917538.0,1,474959.1,-3917751.0,1,474963.16,-3917848.5,1,474973.1,-3918083.8,1,474976.16,-3918147.8,1,474984.8,-3918323.8
11_2_â°ïlê¸_ìåì˙ñ{ó∑ãqìSìπ,0,468559.72,-3931494.2,1,468602.3,-3931467.8,1,468632.88,-3931448.8,1,468651.5,-3931437.0,1,468778.0,-3931359.2
12_4_ìcâÄìsésê¸_ìåãûã}çsìdìS,0,482765.53,-3930263.2,1,482754.9,-3930250.8,1,482704.7,-3930190.5,1,482690.25,-3930178.2,1,482675.1,-3930165.2,1,482669.1,-3930161.5,1,482400.34,-3930000.2,1,482153.6,-3929849.8,1,482114.66,-3929811.8,1,482015.56,-3929712.5,1,481904.56,-3929550.2
12_4_ìcâÄìsésê¸_ìåãûã}çsìdìS,0,481824.25,-3929450.0,1,481756.2,-3929365.2,1,481705.94,-3929303.5,1,481683.03,-3929275.5,1,481662.88,-3929250.8,1,481632.7,-3929211.2,1,481593.34,-3929160.5,1,481514.38,-3929063.5,1,481458.2,-3928991.8,1,481413.34,-3928953.8,1,481328.66,-3928890.5,1,481307.7,-3928881.2,1,481287.9,-3928872.8,1,481172.4,-3928826.5,1,481132.88,-3928810.8,1,481084.7,-3928791.2,1,480894.38,-3928719.5,1,480848.38,-3928704.0,1,480781.5,-3928676.5,1,480734.72,-3928660.2,1,480707.03,-3928652.8,1,480675.94,-3928644.8,1,480664.7,-3928641.8
11_2_ç™ä›ê¸_ìåì˙ñ{ó∑ãqìSìπ,0,486815.97,-3910405.8,1,486798.62,-3910400.5,1,486770.44,-3910390.0,1,486656.5,-3910351.0,1,486588.6,-3910329.2,1,486571.97,-3910323.8,1,486525.8,-3910304.8,1,486472.34,-3910274.5,1,486403.1,-3910237.5,1,486332.0,-3910204.0,1,486309.1,-3910195.2,1,486271.0,-3910180.0,1,486199.22,-3910157.2,1,486179.3,-3910150.5,1,486157.88,-3910143.2,1,486107.8,-3910131.5,1,486090.72,-3910127.2,1,486060.8,-3910120.0,1,486022.56,-3910114.0,1,486019.66,-3910113.5,1,485968.97,-3910108.2,1,485895.22,-3910106.0,1,485855.53,-3910108.2,1,485696.97,-3910127.5,1,485629.66,-3910134.5,1,485507.12,-3910135.5,1,485445.38,-3910133.8,1,485411.66,-3910131.2,1,485335.97,-3910123.8,1,485328.25,-3910121.5,1,485280.8,-3910108.2,1,485179.6,-3910079.8,1,485079.97,-3910050.0
12_4_ñ{ê¸_ëäñÕìSìπ,0,486784.75,-3919145.5,1,486842.53,-3919074.8,1,486895.78,-3919008.2,1,486933.22,-3918968.8,1,486990.5,-3918924.2,1,487072.28,-3918880.2,1,487168.7,-3918841.0,1,487248.5,-3918806.8,1,487341.0,-3918767.2
13_4_ç|çıê¸_î†ç™ìoéRìSìπ,0,435950.28,-3896079.5,1,435895.53,-3896056.2,1,435866.97,-3896044.2,1,435847.62,-3896036.0
24_5_ã‡ëÚÉVÅ[ÉTÉCÉhÉâÉCÉì_â°ïlêVìsésåí ,0,491044.5,-3909633.0,1,491037.97,-3909715.5
12_4_ñ{ê¸_ëäñÕìSìπ,0,489273.56,-3920167.2,1,489151.5,-3920012.5,1,489100.5,-3919933.0
11_2_ìåäCìπê¸_ìåì˙ñ{ó∑ãqìSìπ,0,445212.66,-3891249.0,1,445190.16,-3891202.5,1,445125.38,-3891088.8,1,445086.53,-3891020.5,1,445057.62,-3890966.5
12_4_ìåâ°ê¸_ìåãûã}çsìdìS,0,492781.44,-3932651.8,1,492721.97,-3932502.0,1,492634.44,-3932289.0
12_4_è¨ìcå¥ê¸_è¨ìcã}ìdìS,0,465860.0,-3917233.2,1,465921.8,-3917280.2,1,465939.9,-3917292.0,1,465943.72,-3917293.2,1,465954.9,-3917300.2,1,465995.03,-3917320.5,1,466048.8,-3917337.2,1,466057.53,-3917341.0,1,466082.62,-3917347.8,1,466116.97,-3917357.5,1,466170.12,-3917372.8,1,466188.94,-3917379.0,1,466197.66,-3917380.8,1,466277.06,-3917403.5,1,466303.3,-3917410.2,1,466320.84,-3917414.8,1,466328.28,-3917415.8,1,466346.47,-3917420.0,1,466367.1,-3917424.5,1,466385.25,-3917429.2,1,466395.88,-3917431.2,1,466397.16,-3917432.2,1,466444.03,-3917443.2,1,466448.22,-3917444.8,1,466460.28,-3917448.2,1,466525.34,-3917464.0,1,466687.5,-3917503.8,1,466820.94,-3917535.8,1,466874.9,-3917548.8,1,466947.84,-3917566.5,1,466979.0,-3917573.5
11_2_íÜâõê¸_ìåì˙ñ{ó∑ãqìSìπ,0,450213.62,-3936897.2,1,450272.25,-3936921.0,1,450352.94,-3936966.0,1,450409.97,-3937009.8,1,450435.12,-3937036.5,1,450503.97,-3937107.2,1,450574.25,-3937172.5,1,450593.2,-3937191.2,1,450640.12,-3937224.0,1,450680.75,-3937251.0,1,450720.56,-3937276.2,1,450752.75,-3937299.0,1,450778.75,-3937318.2
12_3_3çÜê¸_â°ïlés,0,488771.56,-3924795.0,1,488719.3,-3924851.5
12_4_ëÂétê¸_ãûïlã}çsìdìS,0,499956.2,-3927861.8,1,499879.22,-3927861.2
11_2_â°ïlê¸_ìåì˙ñ{ó∑ãqìSìπ,0,489804.8,-3924891.0,1,489864.6,-3924889.8,1,489904.4,-3924889.5,1,489959.78,-3924886.0,1,489990.8,-3924882.8,1,490017.56,-3924880.0
12_4_ãvó¢ïlê¸_ãûïlã}çsìdìS,0,493936.03,-3891283.8,1,493961.34,-3891294.8,1,494007.22,-3891315.0,1,494085.06,-3891345.2,1,494232.22,-3891425.8,1,494250.88,-3891436.8,1,494391.56,-3891520.0,1,494413.16,-3891536.8,1,494527.3,-3891604.5,1,494551.0,-3891613.8,1,494590.88,-3891640.5,1,494631.4,-3891669.0,1,494659.44,-3891693.8,1,494678.28,-3891712.2,1,494712.0,-3891746.8,1,494729.03,-3891765.5,1,494738.88,-3891777.8,1,494744.97,-3891785.5,1,494755.53,-3891800.8,1,494766.1,-3891816.8,1,494800.53,-3891875.5,1,494829.3,-3891927.0,1,494850.56,-3891962.5,1,494858.84,-3891979.2
12_4_ñ{ê¸_ãûïlã}çsìdìS,0,489164.9,-3917136.2,1,489148.0,-3917126.5,1,489065.1,-3917092.5,1,488962.3,-3917054.0,1,488823.28,-3916996.5,1,488718.47,-3916951.5,1,488668.72,-3916929.8,1,488627.56,-3916909.5,1,488589.78,-3916887.0,1,488555.47,-3916874.8,1,488464.97,-3916858.8
24_5_ã‡ëÚÉVÅ[ÉTÉCÉhÉâÉCÉì_â°ïlêVìsésåí ,0,490213.28,-3910568.2,1,490140.72,-3910586.8
12_4_ëÂóYéRê¸_à…ì§î†ç™ìSìπ,0,442529.0,-3903860.2,1,442566.56,-3903849.5,1,442601.12,-3903839.2
11_2_å‰ìaèÍê¸_ìåäCó∑ãqìSìπ,0,439823.6,-3908603.5,1,440064.2,-3908645.5,1,440066.94,-3908645.8
11_2_å‰ìaèÍê¸_ìåäCó∑ãqìSìπ,0,446385.75,-3905514.0,1,446535.1,-3905345.8,1,446561.8,-3905315.8,1,446723.16,-3905133.8,1,447179.84,-3904619.0,1,447388.2,-3904385.0
12_4_ñ{ê¸_ãûïlã}çsìdìS,0,489204.0,-3919984.2,1,489341.72,-3920199.0
12_4_ëΩñÄê¸_è¨ìcã}ìdìS,0,474903.78,-3937014.8,1,474853.03,-3937071.8,1,474766.03,-3937171.2,1,474645.25,-3937305.2,1,474631.53,-3937322.2,1,474594.78,-3937365.8,1,474562.66,-3937403.5,1,474511.66,-3937459.0,1,474479.88,-3937493.8,1,474406.6,-3937579.2,1,474333.84,-3937666.0,1,474292.62,-3937716.5,1,474235.4,-3937783.5,1,474178.78,-3937838.8,1,474097.3,-3937907.8,1,474032.72,-3937958.8,1,473975.16,-3937995.5,1,473824.94,-3938060.5,1,473703.12,-3938112.5,1,473572.34,-3938168.0,1,473542.84,-3938178.8
11_2_íﬂå©ê¸_ìåì˙ñ{ó∑ãqìSìπ,0,496753.12,-3923987.2,1,496810.8,-3924016.0
12_3_1çÜê¸_â°ïlés,0,486300.94,-3912876.5,1,486265.5,-3912856.2,1,486221.84,-3912822.2,1,486192.75,-3912793.2,1,486149.03,-3912774.2,1,486101.25,-3912759.2,1,485998.44,-3912748.0,1,485859.4,-3912735.2,1,485809.34,-3912730.5,1,485668.03,-3912719.5,1,485548.78,-3912707.0,1,485460.44,-3912699.8,1,485366.97,-3912691.0,1,485231.94,-3912696.2,1,485093.88,-3912712.8,1,485021.16,-3912721.8,1,484958.88,-3912735.8,1,484920.4,-3912758.5,1,484874.25,-3912789.5,1,484848.22,-3912806.8,1,484810.94,-3912837.8,1,484746.66,-3912890.8
13_4_ëÂéRç|çıê¸_ëÂéRäœåıìdìS,0,454605.38,-3916152.2,1,454567.3,-3916180.2,1,454566.7,-3916180.5
12_4_ç]ÉmìáìdìSê¸_ç]ÉmìáìdìS,0,480633.3,-3902729.8,1,480617.47,-3902713.0,1,480584.2,-3902672.0,1,480569.7,-3902656.0,1,480551.1,-3902634.8,1,480532.78,-3902612.2,1,480514.1,-3902582.0,1,480505.12,-3902563.0,1,480496.03,-3902518.5,1,480489.8,-3902495.0,1,480480.12,-3902474.8,1,480466.9,-3902455.8,1,480453.78,-3902444.8,1,480424.1,-3902422.2,1,480392.94,-3902395.5,1,480365.97,-3902370.2,1,480341.8,-3902342.8,1,480325.6,-3902323.8,1,480290.34,-3902282.8,1,480269.56,-3902262.0,1,480251.62,-3902247.8,1,480227.4,-3902232.8,1,480183.9,-3902220.2,1,480159.1,-3902213.5,1,480135.62,-3902211.8,1,480106.62,-3902211.2
12_4_ìcâÄìsésê¸_ìåãûã}çsìdìS,0,474293.66,-3924998.0,1,474324.4,-3925006.8,1,474446.94,-3925040.8
12_4_ìåâ°ê¸_ìåãûã}çsìdìS,0,490367.8,-3927929.8,1,490312.16,-3927850.5
24_5_ã‡ëÚÉVÅ[ÉTÉCÉhÉâÉCÉì_â°ïlêVìsésåí ,0,490936.7,-3910274.5,1,490897.12,-3910318.0,1,490862.28,-3910349.0,1,490825.53,-3910375.5,1,490793.5,-3910395.0,1,490745.47,-3910416.8,1,490611.9,-3910462.5,1,490213.28,-3910568.2
12_4_ñ{ê¸_ãûïlã}çsìdìS,0,495450.44,-3926330.5,1,495359.53,-3926209.2,1,495293.03,-3926124.0,1,495262.53,-3926085.2,1,495208.75,-3926018.2,1,495129.16,-3925917.5,1,495075.34,-3925843.0,1,495051.03,-3925807.2
11_2_â°ê{âÍê¸_ìåì˙ñ{ó∑ãqìSìπ,0,496279.25,-3894438.5,1,496240.62,-3894513.8,1,496225.44,-3894542.8,1,496205.53,-3894571.2,1,496151.03,-3894633.0,1,496105.03,-3894685.2,1,496016.53,-3894784.2,1,495967.78,-3894840.2,1,495928.12,-3894883.2,1,495889.84,-3894925.0,1,495863.38,-3894953.2,1,495834.75,-3894980.2,1,495807.62,-3895004.0,1,495743.34,-3895053.2,1,495721.88,-3895069.5,1,495656.94,-3895115.0,1,495563.16,-3895177.8,1,495523.4,-3895204.2,1,495448.1,-3895257.2,1,495421.1,-3895276.2,1,495363.16,-3895315.5,1,495277.47,-3895374.5,1,495239.8,-3895399.8,1,495174.72,-3895446.2,1,495124.06,-3895483.2,1,495025.28,-3895570.8,1,494980.84,-3895611.0,1,494939.72,-3895652.0,1,494898.62,-3895693.2,1,494867.0,-3895724.8,1,494823.88,-3895768.0,1,494728.3,-3895859.2,1,494644.12,-3895943.2,1,494588.22,-3895998.5,1,494502.66,-3896083.8,1,494443.66,-3896141.5,1,494355.8,-3896227.2,1,494316.38,-3896266.2,1,494272.28,-3896310.5,1,494250.28,-3896332.8,1,494224.0,-3896353.8,1,494195.53,-3896376.0,1,494123.62,-3896429.8,1,494087.7,-3896453.2,1,494035.7,-3896478.2,1,493938.44,-3896514.0,1,493890.25,-3896533.2,1,493844.97,-3896548.8,1,493811.6,-3896564.2,1,493738.0,-3896591.8,1,493628.97,-3896630.0,1,493494.38,-3896675.2,1,493395.6,-3896711.0,1,493371.7,-3896719.2,1,493334.47,-3896733.0,1,493100.75,-3896816.0,1,493059.38,-3896829.5,1,492919.06,-3896882.5,1,492803.22,-3896928.5
11_2_ìÏïêê¸_ìåì˙ñ{ó∑ãqìSìπ,0,485284.75,-3936615.2,1,485235.16,-3936640.2,1,485111.28,-3936702.5,1,485007.66,-3936752.5,1,484915.0,-3936799.2,1,484886.16,-3936819.5,1,484850.53,-3936853.2,1,484797.38,-3936908.0,1,484667.94,-3937048.0,1,484614.78,-3937102.0,1,484577.78,-3937131.2
11_2_â°ê{âÍê¸_ìåì˙ñ{ó∑ãqìSìπ,0,490616.62,-3900914.0,1,490659.53,-3900907.0,1,490687.0,-3900903.5,1,490736.28,-3900895.8,1,490759.9,-3900889.5,1,490788.2,-3900881.0,1,490805.72,-3900875.5,1,490818.25,-3900872.0,1,490830.8,-3900868.2,1,490848.34,-3900861.8,1,490862.25,-3900855.5,1,490888.7,-3900841.2,1,490927.22,-3900819.8,1,490957.12,-3900803.8,1,491107.16,-3900719.2,1,491201.94,-3900663.2,1,491260.38,-3900629.5,1,491302.38,-3900604.8,1,491386.06,-3900554.0,1,491431.06,-3900529.8,1,491456.03,-3900515.8,1,491483.84,-3900499.0,1,491508.28,-3900482.2,1,491533.0,-3900468.2,1,491561.28,-3900447.0,1,491604.97,-3900415.2,1,491640.06,-3900384.5,1,491651.5,-3900373.0,1,491670.94,-3900354.5,1,491703.66,-3900322.8,1,491751.53,-3900271.2,1,491810.2,-3900203.0,1,491850.25,-3900149.8,1,491857.44,-3900141.8,1,491880.16,-3900116.2,1,491910.4,-3900088.0,1,491921.56,-3900077.8,1,491952.84,-3900051.5,1,491985.0,-3900030.8,1,492015.2,-3900010.2,1,492040.34,-3899997.2
11_2_ëäñÕê¸_ìåì˙ñ{ó∑ãqìSìπ,0,466794.25,-3927109.8,1,466843.34,-3927054.2
11_2_ìÏïêê¸_ìåì˙ñ{ó∑ãqìSìπ,0,492560.84,-3932283.0,1,492631.16,-3932281.0
12_4_ç]ÉmìáìdìSê¸_ç]ÉmìáìdìS,0,476526.28,-3903436.2,1,476472.3,-3903481.5,1,476449.62,-3903504.5,1,476440.84,-3903514.8,1,476431.62,-3903532.5,1,476419.25,-3903566.2,1,476416.1,-3903580.2,1,476414.8,-3903608.2,1,476416.25,-3903633.2,1,476418.47,-3903649.0,1,476420.22,-3903662.0,1,476425.28,-3903678.8,1,476432.03,-3903693.8,1,476442.0,-3903713.5,1,476477.06,-3903772.0,1,476513.4,-3903831.0,1,476526.28,-3903857.2,1,476531.34,-3903880.8,1,476533.12,-3903899.5,1,476532.78,-3903915.8,1,476529.66,-3903933.2,1,476525.06,-3903948.8,1,476516.66,-3903963.0,1,476502.78,-3903978.8,1,476477.12,-3904008.8,1,476465.34,-3904023.0,1,476463.3,-3904037.2,1,476477.3,-3904079.8
12_4_ç]Émìáê¸_è¨ìcã}ìdìS,0,473600.66,-3922885.0,1,473579.5,-3922934.2,1,473506.88,-3923101.8,1,473470.66,-3923188.0,1,473421.84,-3923301.8
12_4_ãvó¢ïlê¸_ãûïlã}çsìdìS,0,491931.94,-3889311.8,1,492048.22,-3889418.8
11_2_íﬂå©ê¸_ìåì˙ñ{ó∑ãqìSìπ,0,498430.0,-3924534.0,1,498431.28,-3924495.5,1,498430.38,-3924474.8,1,498424.8,-3924452.2,1,498418.38,-3924428.8,1,498403.06,-3924377.5,1,498337.25,-3924176.0,1,498293.88,-3924040.2
12_4_ñ{ê¸_ãûïlã}çsìdìS,0,489683.34,-3920672.5,1,489773.38,-3920797.8,1,489812.2,-3920851.2,1,489871.3,-3920905.2,1,489970.28,-3920996.8,1,489989.9,-3921014.2,1,489999.62,-3921022.5,1,490043.75,-3921063.5,1,490088.9,-3921105.8,1,490136.22,-3921148.5,1,490267.88,-3921268.5,1,490300.66,-3921298.8
12_4_ìSìπê¸_î†ç™ìoéRìSìπ,0,437204.12,-3896015.8,1,437215.7,-3895990.8,1,437228.12,-3895960.5,1,437237.6,-3895938.0,1,437241.44,-3895925.0,1,437243.03,-3895907.0,1,437245.06,-3895885.2,1,437245.22,-3895843.2,1,437245.28,-3895786.2,1,437245.53,-3895756.0,1,437247.66,-3895684.8,1,437247.34,-3895640.8,1,437249.72,-3895612.8,1,437250.5,-3895594.8,1,437253.34,-3895572.8,1,437263.5,-3895528.2,1,437267.3,-3895512.2,1,437269.84,-3895496.8,1,437266.25,-3895480.5,1,437258.2,-3895460.2,1,437241.44,-3895433.2,1,437229.47,-3895411.0,1,437216.66,-3895387.0,1,437212.22,-3895376.2,1,437212.6,-3895367.2,1,437215.66,-3895359.8,1,437222.97,-3895352.5,1,437229.94,-3895350.0,1,437242.6,-3895351.0,1,437256.22,-3895358.8,1,437274.22,-3895369.8,1,437284.25,-3895373.8,1,437296.9,-3895373.5,1,437313.06,-3895367.8,1,437352.25,-3895349.5
12_4_Ç±Ç«Ç‡ÇÃçëê¸_ìåãûã}çsìdìS,0,477376.44,-3928924.8,1,477324.9,-3928982.8,1,477302.78,-3929010.8,1,477292.75,-3929028.0,1,477288.8,-3929043.5,1,477284.16,-3929066.5,1,477276.84,-3929119.8,1,477253.28,-3929293.2,1,477253.1,-3929294.8,1,477230.7,-3929467.8,1,477218.16,-3929564.8,1,477207.56,-3929636.0,1,477202.2,-3929660.8,1,477194.9,-3929680.5,1,477181.56,-3929705.0,1,477164.12,-3929731.2,1,477143.97,-3929758.5,1,477104.53,-3929815.0,1,477042.94,-3929899.2,1,477013.22,-3929943.2,1,476989.84,-3929978.5,1,476977.75,-3930003.0,1,476969.38,-3930024.8,1,476962.28,-3930047.8,1,476949.12,-3930105.0,1,476926.9,-3930212.8
11_2_ìåäCìπê¸_ìåì˙ñ{ó∑ãqìSìπ,0,469848.72,-3905210.8,1,469608.53,-3905106.0,1,469573.75,-3905091.8,1,469558.1,-3905084.2
14_4_ç]ÇÃìáê¸_è√ìÏÉÇÉmÉåÅ[Éã,0,480937.47,-3907598.5,1,480926.56,-3907548.5,1,480905.2,-3907457.8
12_4_ëäñÕå¥ê¸_ãûâ§ìdìS,0,475540.16,-3937052.0,1,475524.78,-3937053.2,1,475506.38,-3937055.0,1,475481.3,-3937057.2,1,475432.06,-3937062.0,1,475338.2,-3937071.2,1,475269.9,-3937078.5,1,475217.03,-3937082.8,1,475155.12,-3937096.2,1,475062.84,-3937122.5,1,474999.06,-3937146.2,1,474957.8,-3937163.0,1,474924.88,-3937179.5,1,474879.3,-3937203.0,1,474825.25,-3937239.2,1,474773.66,-3937276.5,1,474731.84,-3937311.2,1,474686.75,-3937351.5,1,474624.0,-3937418.8,1,474620.5,-3937422.5,1,474535.97,-3937502.0,1,474449.1,-3937587.2,1,474396.25,-3937640.0,1,474353.8,-3937682.5,1,474317.62,-3937722.0,1,474285.94,-3937754.2,1,474230.4,-3937812.5,1,474186.34,-3937853.2,1,474092.88,-3937941.5,1,474057.22,-3937972.5,1,474043.38,-3937983.5,1,473958.53,-3938043.2,1,473841.25,-3938095.2,1,473750.16,-3938133.5,1,473641.47,-3938181.0,1,473587.94,-3938206.8,1,473559.9,-3938216.5
12_4_Ç¢Ç∏Ç›ñÏê¸_ëäñÕìSìπ,0,480673.12,-3919528.2,1,480729.7,-3919543.8,1,480783.28,-3919565.2,1,480816.16,-3919582.8,1,480869.34,-3919629.5,1,480963.9,-3919722.2
11_2_ìåäCìπê¸_ìåì˙ñ{ó∑ãqìSìπ,0,481164.0,-3912970.2,1,481152.4,-3913060.5,1,481146.06,-3913163.0,1,481147.25,-3913196.5,1,481156.78,-3913281.8,1,481181.62,-3913488.8,1,481203.0,-3913680.2,1,481218.22,-3913784.2,1,481226.84,-3913839.0,1,481242.94,-3913889.5,1,481263.38,-3913940.2,1,481269.4,-3913953.0,1,481295.6,-3914009.0,1,481325.84,-3914073.5,1,481360.2,-3914129.2
11_1_ìåäCìπêVä≤ê¸_ìåäCó∑ãqìSìπ,0,486371.9,-3922320.8,1,486425.84,-3922355.2,1,486519.38,-3922416.0,1,486676.12,-3922537.8,1,486839.88,-3922682.8,1,486923.16,-3922761.5,1,486999.66,-3922834.0,1,487124.06,-3922952.2,1,487216.72,-3923049.2,1,487313.47,-3923151.8,1,487486.44,-3923333.8,1,487509.78,-3923357.8,1,487536.56,-3923386.0,1,487555.1,-3923407.2,1,487639.12,-3923493.5,1,487658.1,-3923515.8,1,487843.94,-3923711.5,1,487865.38,-3923734.2,1,487888.88,-3923757.0,1,488015.6,-3923889.5,1,488110.03,-3923987.5,1,488174.3,-3924052.2,1,488231.8,-3924104.0,1,488316.16,-3924183.5,1,488618.1,-3924477.5
12_4_ëÂóYéRê¸_à…ì§î†ç™ìSìπ,0,445282.2,-3900513.0,1,445227.84,-3900565.5
12_3_3çÜê¸_â°ïlés,0,484391.88,-3930840.8,1,484493.06,-3930763.8
12_4_ìåâ°ê¸_ìåãûã}çsìdìS,0,492122.66,-3931015.5,1,492098.03,-3930951.5,1,492063.97,-3930866.5,1,492057.25,-3930849.5,1,491995.5,-3930694.5,1,491945.56,-3930587.0,1,491901.06,-3930501.0,1,491866.66,-3930442.8,1,491850.88,-3930417.0,1,491834.28,-3930394.5,1,491781.38,-3930332.2,1,491768.22,-3930317.0,1,491760.88,-3930308.2,1,491747.1,-3930292.8,1,491736.66,-3930281.2,1,491646.28,-3930178.5,1,491628.78,-3930159.2,1,491567.34,-3930087.5,1,491530.06,-3930042.0,1,491511.1,-3930011.0,1,491499.38,-3929983.8,1,491491.0,-3929953.5,1,491482.1,-3929916.5
24_5_ã‡ëÚÉVÅ[ÉTÉCÉhÉâÉCÉì_â°ïlêVìsésåí ,0,491567.84,-3907159.5,1,491566.66,-3906867.2,1,491568.47,-3906838.5,1,491572.06,-3906816.5,1,491584.78,-3906794.5,1,491596.56,-3906779.0,1,491609.28,-3906766.8,1,491636.53,-3906748.0,1,491658.3,-3906732.5,1,491681.94,-3906717.0,1,491691.9,-3906705.0,1,491701.9,-3906690.5,1,491707.34,-3906676.0,1,491711.88,-3906658.5,1,491710.0,-3906604.5
11_2_å‰ìaèÍê¸_ìåäCó∑ãqìSìπ,0,447388.2,-3904385.0,1,447587.2,-3904157.2
13_4_ç|çıê¸_î†ç™ìoéRìSìπ,0,435950.28,-3896079.5,1,435895.53,-3896056.2,1,435866.97,-3896044.2,1,435847.62,-3896036.0
14_4_ç]ÇÃìáê¸_è√ìÏÉÇÉmÉåÅ[Éã,0,480710.22,-3906713.0,1,480515.53,-3906468.0,1,480450.53,-3906385.2,1,480415.94,-3906343.2,1,480365.0,-3906290.8,1,480318.03,-3906247.5,1,480293.44,-3906226.0,1,480276.7,-3906204.2,1,480230.72,-3906132.5,1,480194.88,-3906075.5,1,480163.5,-3906028.0,1,480147.8,-3905999.5,1,480138.88,-3905976.8,1,480134.34,-3905949.5
12_4_ìcâÄìsésê¸_ìåãûã}çsìdìS,0,482974.78,-3931393.5,1,482927.34,-3931086.0,1,482914.84,-3930943.2,1,482913.56,-3930839.0,1,482912.66,-3930798.8,1,482906.12,-3930659.5,1,482897.88,-3930595.0,1,482884.53,-3930545.2,1,482816.94,-3930370.2,1,482805.66,-3930341.0
12_3_1çÜê¸_â°ïlés,0,478210.22,-3914388.5,1,478091.88,-3914368.5
24_5_ã‡ëÚÉVÅ[ÉTÉCÉhÉâÉCÉì_â°ïlêVìsésåí ,0,489991.34,-3905077.5,1,490050.28,-3905115.8
11_2_â°ïlê¸_ìåì˙ñ{ó∑ãqìSìπ,0,467779.94,-3931998.2,1,467814.94,-3931975.5,1,467888.44,-3931927.8,1,467918.62,-3931908.2
12_4_ñ{ê¸_ëäñÕìSìπ,0,489273.56,-3920167.2,1,489151.5,-3920012.5,1,489100.5,-3919933.0
11_2_ëäñÕê¸_ìåì˙ñ{ó∑ãqìSìπ,0,464642.1,-3934025.0,1,464690.53,-3933976.5,1,464733.28,-3933925.0,1,464758.44,-3933893.8,1,464779.22,-3933856.8,1,464791.3,-3933828.5,1,464804.5,-3933792.8,1,464812.5,-3933752.2,1,464816.6,-3933708.5,1,464815.4,-3933643.5,1,464807.12,-3933559.8,1,464799.62,-3933454.0,1,464787.88,-3933280.2,1,464777.06,-3933043.8,1,464765.03,-3932836.2
11_2_ìÏïêê¸_ìåì˙ñ{ó∑ãqìSìπ,0,492641.4,-3932280.2,1,492721.7,-3932278.0,1,492857.06,-3932277.2,1,492882.7,-3932277.0,1,492914.84,-3932276.8,1,492965.3,-3932266.5,1,492985.78,-3932259.0,1,493019.56,-3932244.5,1,493053.34,-3932228.0,1,493083.4,-3932208.8,1,493117.38,-3932183.0,1,493139.56,-3932161.5,1,493161.28,-3932138.5,1,493172.88,-3932125.0,1,493193.25,-3932097.2,1,493208.53,-3932073.5,1,493223.28,-3932042.0,1,493240.38,-3931995.8,1,493274.97,-3931855.2
11_2_â°ïlê¸_ìåì˙ñ{ó∑ãqìSìπ,0,484262.47,-3925044.2,1,484107.1,-3925013.2
11_2_ìÏïêê¸_ìåì˙ñ{ó∑ãqìSìπ,0,484434.84,-3937204.2,1,484388.5,-3937221.8,1,484260.34,-3937251.8,1,484120.47,-3937280.8,1,484004.34,-3937313.0,1,483925.9,-3937348.2,1,483879.75,-3937373.0,1,483796.0,-3937434.0,1,483709.12,-3937513.2,1,483667.12,-3937560.8,1,483611.38,-3937634.2,1,483609.94,-3937636.2,1,483481.5,-3937823.8,1,483454.78,-3937863.8,1,483389.2,-3937940.5,1,483345.72,-3937980.8,1,483283.6,-3938029.0,1,483226.25,-3938059.5,1,483174.94,-3938079.5,1,483068.72,-3938118.8,1,482827.62,-3938188.8
11_2_íﬂå©ê¸_ìåì˙ñ{ó∑ãqìSìπ,0,495834.1,-3923519.8,1,495892.88,-3923513.8
12_4_è¨ìcå¥ê¸_è¨ìcã}ìdìS,0,468281.2,-3918737.2,1,468231.0,-3918686.8,1,468224.28,-3918680.0,1,468124.9,-3918580.2
11_2_íﬂå©ê¸_ìåì˙ñ{ó∑ãqìSìπ,0,494070.4,-3923881.0,1,494023.1,-3923925.2
11_2_â°ïlê¸_ìåì˙ñ{ó∑ãqìSìπ,0,470823.47,-3930039.5,1,470876.38,-3930004.8,1,470951.8,-3929957.2,1,471033.12,-3929904.0,1,471130.72,-3929840.5,1,471237.62,-3929771.8,1,471363.53,-3929690.5,1,471474.78,-3929621.0,1,471547.12,-3929573.8,1,471578.53,-3929554.5,1,471603.94,-3929538.2,1,471614.97,-3929531.2,1,471663.0,-3929499.2,1,471702.44,-3929474.5,1,471790.0,-3929418.0,1,471808.62,-3929406.2,1,471907.3,-3929342.8,1,471989.1,-3929288.2,1,472099.62,-3929217.8,1,472203.94,-3929148.8,1,472301.53,-3929086.2,1,472409.2,-3929016.8,1,472507.06,-3928955.8,1,472549.4,-3928927.5,1,472591.75,-3928902.0,1,472649.9,-3928861.5,1,472671.44,-3928847.5,1,472729.88,-3928811.8,1,472801.62,-3928765.2,1,472922.22,-3928686.0,1,473037.38,-3928610.8,1,473137.16,-3928543.0,1,473155.88,-3928530.2,1,473198.12,-3928501.8
12_4_Ç¢Ç∏Ç›ñÏê¸_ëäñÕìSìπ,0,476934.84,-3914541.2,1,476935.66,-3914547.2,1,476956.47,-3914725.0,1,476964.25,-3914788.5,1,476971.7,-3914853.2,1,476972.56,-3914881.0,1,476971.0,-3914912.0,1,476966.66,-3914952.0,1,476962.72,-3914970.2,1,476956.34,-3914995.5,1,476935.12,-3915072.8,1,476922.03,-3915133.5,1,476912.7,-3915177.5,1,476906.0,-3915221.0,1,476902.56,-3915262.2,1,476900.4,-3915310.8,1,476901.1,-3915358.2,1,476904.16,-3915390.2,1,476906.53,-3915426.2,1,476908.94,-3915487.8,1,476912.34,-3915541.2,1,476917.34,-3915605.5,1,476920.1,-3915655.8,1,476926.38,-3915697.2,1,476939.22,-3915753.2,1,476957.2,-3915813.8,1,476965.03,-3915834.8,1,476984.56,-3915874.5,1,477026.94,-3915937.5,1,477042.97,-3915957.0,1,477060.8,-3915978.5,1,477099.84,-3916013.8,1,477151.5,-3916046.5,1,477217.56,-3916075.2,1,477253.9,-3916087.8,1,477265.78,-3916089.5,1,477315.28,-3916096.0,1,477365.56,-3916095.2,1,477381.2,-3916095.0,1,477405.22,-3916093.2,1,477479.84,-3916087.8,1,477551.78,-3916074.5
12_4_ñ{ê¸_ãûïlã}çsìdìS,0,488068.7,-3912171.5,1,488154.0,-3912072.2
12_4_ñ{ê¸_ëäñÕìSìπ,0,471767.22,-3920706.8,1,471873.38,-3920705.2,1,471892.25,-3920704.5,1,472098.62,-3920695.2,1,472269.1,-3920689.0,1,472274.8,-3920688.8,1,472301.2,-3920687.0,1,472311.62,-3920685.2,1,472327.3,-3920682.8,1,472340.56,-3920680.8,1,472362.22,-3920676.8,1,472440.28,-3920661.5,1,472709.16,-3920613.0
12_4_è¨ìcå¥ê¸_è¨ìcã}ìdìS,0,444949.5,-3904841.0,1,444974.97,-3904771.5
12_4_ñ{ê¸_ãûïlã}çsìdìS,0,493576.4,-3899321.0,1,493583.94,-3899315.8,1,493597.22,-3899306.2,1,493607.66,-3899298.5,1,493627.03,-3899285.8,1,493693.1,-3899233.0,1,493734.38,-3899196.0,1,493767.62,-3899151.5,1,493786.7,-3899129.0,1,493809.78,-3899089.0,1,493837.75,-3899048.0,1,493871.9,-3898992.0,1,493899.72,-3898940.0,1,493905.97,-3898908.8,1,493913.03,-3898881.8,1,493915.84,-3898855.2,1,493917.1,-3898827.0,1,493917.06,-3898769.2,1,493917.5,-3898745.2,1,493919.75,-3898720.0,1,493923.0,-3898685.5,1,493927.1,-3898668.0,1,493932.62,-3898647.0,1,493937.06,-3898633.5,1,493944.7,-3898613.0,1,493951.22,-3898597.2,1,493958.75,-3898581.8,1,493975.12,-3898552.5,1,493987.75,-3898533.0,1,493999.47,-3898516.5,1,494011.2,-3898502.2,1,494034.0,-3898471.8,1,494046.72,-3898460.0,1,494065.8,-3898440.8
11_2_ç™ä›ê¸_ìåì˙ñ{ó∑ãqìSìπ,0,488785.34,-3912732.0,1,488711.2,-3912600.0,1,488686.16,-3912551.8,1,488669.56,-3912513.5,1,488647.34,-3912458.8,1,488628.8,-3912389.2,1,488613.97,-3912341.0,1,488610.3,-3912325.5,1,488605.66,-3912299.5,1,488601.88,-3912264.8,1,488600.88,-3912205.8,1,488600.3,-3912185.0,1,488598.03,-3912097.2,1,488594.44,-3911995.2,1,488594.16,-3911987.2,1,488595.16,-3911969.2,1,488598.72,-3911914.2,1,488605.1,-3911876.2,1,488614.5,-3911840.8,1,488631.97,-3911786.8,1,488652.16,-3911739.8,1,488665.94,-3911716.2,1,488717.5,-3911635.5,1,488795.72,-3911513.2,1,488873.22,-3911392.2
12_4_Ç¢Ç∏Ç›ñÏê¸_ëäñÕìSìπ,0,476913.28,-3914381.5,1,476934.84,-3914541.2
12_4_ñ{ê¸_ãûïlã}çsìdìS,0,488561.53,-3911031.8,1,488597.47,-3910950.5
12_4_è¨ìcå¥ê¸_è¨ìcã}ìdìS,0,469021.97,-3921849.8,1,469025.66,-3921686.2
12_4_ëÂóYéRê¸_à…ì§î†ç™ìSìπ,0,446780.0,-3897017.5,1,446815.84,-3897078.5
12_4_ñ{ê¸_ãûïlã}çsìdìS,0,493757.47,-3923820.0,1,493819.28,-3923887.2
12_4_Ç¢Ç∏Ç›ñÏê¸_ëäñÕìSìπ,0,480673.12,-3919528.2,1,480729.7,-3919543.8,1,480783.28,-3919565.2,1,480816.16,-3919582.8,1,480869.34,-3919629.5,1,480963.9,-3919722.2
11_2_ìåäCìπê¸_ìåì˙ñ{ó∑ãqìSìπ,0,483222.06,-3915957.2,1,483221.38,-3916027.2,1,483220.53,-3916112.8,1,483220.1,-3916157.2,1,483219.38,-3916222.0
12_3_1çÜê¸_â°ïlés,0,476496.22,-3913151.8,1,476564.3,-3913181.5
12_4_è¨ìcå¥ê¸_è¨ìcã}ìdìS,0,445769.9,-3901585.8,1,445815.06,-3901445.8
12_4_ìcâÄìsésê¸_ìåãûã}çsìdìS,0,488719.38,-3935211.2,1,488874.4,-3935305.8
11_2_íﬂå©ê¸_ìåì˙ñ{ó∑ãqìSìπ,0,496329.25,-3923783.0,1,496395.8,-3923814.0
12_4_ìåâ°ê¸_ìåãûã}çsìdìS,0,492174.7,-3931147.8,1,492122.66,-3931015.5
12_4_ñ{ê¸_ãûïlã}çsìdìS,0,493757.47,-3923820.0,1,493819.28,-3923887.2
12_4_ç]Émìáê¸_è¨ìcã}ìdìS,0,475646.6,-3908623.2,1,475656.22,-3908484.8,1,475672.2,-3908307.8,1,475679.75,-3908212.8,1,475687.38,-3908078.2,1,475693.62,-3907966.8,1,475703.97,-3907769.8,1,475720.62,-3907544.5,1,475728.0,-3907484.0,1,475734.16,-3907435.5,1,475744.03,-3907391.5,1,475754.47,-3907350.5,1,475768.34,-3907312.8,1,475791.62,-3907250.0,1,475805.44,-3907214.8,1,475818.88,-3907186.5,1,475857.84,-3907106.8
11_2_ìÏïêê¸_ìåì˙ñ{ó∑ãqìSìπ,0,497467.88,-3924971.0,1,497530.88,-3924956.2
11_2_ìÏïêê¸_ìåì˙ñ{ó∑ãqìSìπ,0,494854.06,-3927174.2,1,494858.78,-3927163.8,1,494883.94,-3927108.0,1,494898.34,-3927075.5,1,494917.62,-3927040.2
12_4_ç]ÉmìáìdìSê¸_ç]ÉmìáìdìS,0,477433.1,-3902671.8,1,477402.94,-3902687.8,1,477382.06,-3902701.2,1,477348.6,-3902727.5,1,477269.22,-3902793.5,1,477177.6,-3902870.2,1,477148.2,-3902894.5,1,477130.88,-3902909.0,1,477102.1,-3902927.2,1,477092.47,-3902929.8,1,477082.56,-3902928.0,1,477069.38,-3902925.0,1,477047.8,-3902923.2,1,477025.38,-3902925.2,1,476996.94,-3902929.5,1,476978.12,-3902935.2,1,476956.78,-3902945.8
11_2_â°ïlê¸_ìåì˙ñ{ó∑ãqìSìπ,0,488664.53,-3924559.2,1,488499.25,-3924534.5,1,488416.34,-3924521.8,1,488151.5,-3924486.5,1,488063.78,-3924473.2,1,487974.28,-3924463.5,1,487950.4,-3924462.0,1,487908.72,-3924464.0,1,487872.8,-3924468.0,1,487779.03,-3924478.2,1,487715.6,-3924491.2,1,487621.12,-3924519.5,1,487534.47,-3924556.8,1,487442.88,-3924605.5,1,487222.88,-3924735.8
14_4_ç]ÇÃìáê¸_è√ìÏÉÇÉmÉåÅ[Éã,0,478481.5,-3903897.2,1,478483.5,-3903898.8,1,478500.34,-3903918.2,1,478510.03,-3903934.8,1,478519.8,-3903957.8,1,478526.3,-3903977.2,1,478536.1,-3904004.0,1,478542.6,-3904021.2,1,478556.88,-3904058.8,1,478563.34,-3904076.8,1,478570.84,-3904086.8,1,478579.3,-3904096.0,1,478590.88,-3904107.8,1,478605.8,-3904120.2,1,478621.38,-3904129.0,1,478639.5,-3904137.5,1,478662.06,-3904146.0,1,478687.97,-3904152.2,1,478705.44,-3904156.2,1,478757.8,-3904167.8,1,478788.2,-3904177.2,1,478813.4,-3904188.2,1,478840.62,-3904203.8,1,478874.94,-3904227.2,1,478893.7,-3904237.5,1,478908.9,-3904249.8,1,478924.84,-3904264.5,1,478962.8,-3904294.0,1,479003.5,-3904322.5,1,479036.1,-3904348.8,1,479082.62,-3904384.5,1,479125.97,-3904417.2,1,479182.6,-3904456.5,1,479211.84,-3904481.8,1,479246.25,-3904505.8,1,479271.56,-3904523.2,1,479301.34,-3904549.5,1,479311.34,-3904561.5,1,479331.22,-3904585.8,1,479348.47,-3904606.5,1,479365.7,-3904632.8,1,479388.3,-3904666.8,1,479401.9,-3904688.8,1,479421.78,-3904719.2,1,479441.03,-3904749.5,1,479475.53,-3904805.5,1,479498.12,-3904841.5,1,479519.84,-3904880.0,1,479530.72,-3904904.0,1,479535.3,-3904922.8,1,479543.5,-3904960.0,1,479553.56,-3904990.5,1,479562.62,-3905018.0,1,479577.12,-3905047.5,1,479593.38,-3905077.2,1,479611.56,-3905114.2,1,479634.28,-3905159.8,1,479646.06,-3905181.5,1,479661.47,-3905207.8,1,479675.06,-3905234.0,1,479698.62,-3905271.2,1,479723.16,-3905310.0,1,479745.2,-3905334.2,1,479765.6,-3905357.0
12_4_ñ{ê¸_ëäñÕìSìπ,0,482691.2,-3921097.0,1,482765.2,-3921124.2,1,482793.7,-3921139.5,1,482806.5,-3921149.8,1,482816.6,-3921156.5,1,482831.5,-3921170.5,1,482892.78,-3921232.2,1,482920.84,-3921263.5,1,482946.56,-3921287.2,1,482979.9,-3921312.8,1,483003.62,-3921327.2,1,483043.22,-3921345.0,1,483257.38,-3921379.8,1,483322.8,-3921390.8,1,483433.12,-3921402.5,1,483592.0,-3921410.5,1,483621.03,-3921410.8,1,483641.62,-3921411.0,1,483784.5,-3921410.2,1,483936.0,-3921404.0
12_4_ñ{ê¸_ãûïlã}çsìdìS,0,489164.9,-3917136.2,1,489148.0,-3917126.5,1,489065.1,-3917092.5,1,488962.3,-3917054.0,1,488823.28,-3916996.5,1,488718.47,-3916951.5,1,488668.72,-3916929.8,1,488627.56,-3916909.5,1,488589.78,-3916887.0,1,488555.47,-3916874.8,1,488464.97,-3916858.8
12_4_ç]Émìáê¸_è¨ìcã}ìdìS,0,474648.47,-3920419.0,1,474612.6,-3920505.2,1,474596.38,-3920544.0,1,474570.4,-3920606.5
14_4_ç]ÇÃìáê¸_è√ìÏÉÇÉmÉåÅ[Éã,0,477746.4,-3903648.0,1,477697.53,-3903654.2
11_2_ìÏïêê¸_ìåì˙ñ{ó∑ãqìSìπ,0,492631.16,-3932281.0,1,492641.4,-3932280.2
12_4_ç]Émìáê¸_è¨ìcã}ìdìS,0,476454.38,-3902818.0,1,476392.53,-3902878.2,1,476332.78,-3902934.8,1,476306.3,-3902963.0,1,476277.88,-3902999.0,1,476254.5,-3903030.0,1,476167.88,-3903170.0,1,476119.06,-3903249.2,1,476099.62,-3903281.0,1,476053.38,-3903356.8,1,476031.0,-3903387.8,1,476001.0,-3903420.2,1,475967.62,-3903454.2,1,475932.8,-3903484.2,1,475855.9,-3903550.8,1,475812.56,-3903586.8,1,475745.8,-3903645.2,1,475717.4,-3903669.5,1,475679.34,-3903704.5,1,475638.0,-3903750.0,1,475603.22,-3903791.5,1,475561.8,-3903845.2,1,475530.5,-3903891.0,1,475503.62,-3903932.8,1,475466.25,-3903997.5
14_4_ç]ÇÃìáê¸_è√ìÏÉÇÉmÉåÅ[Éã,0,479765.6,-3905357.0,1,479802.7,-3905397.5
14_4_ç]ÇÃìáê¸_è√ìÏÉÇÉmÉåÅ[Éã,0,480128.66,-3905881.8,1,480121.84,-3905841.0,1,480106.72,-3905778.5,1,480096.2,-3905751.5,1,480086.78,-3905728.5,1,480067.2,-3905701.2,1,480022.0,-3905646.5,1,479972.25,-3905588.5,1,479886.22,-3905490.0,1,479812.06,-3905408.2,1,479802.7,-3905397.5
11_2_ìåäCìπê¸_ìåì˙ñ{ó∑ãqìSìπ,0,469558.1,-3905084.2,1,469510.78,-3905065.5,1,469355.78,-3905000.8,1,469237.9,-3904951.2,1,469125.5,-3904902.8,1,469042.75,-3904863.8,1,468949.56,-3904829.8,1,468829.2,-3904795.2,1,468766.25,-3904783.2,1,468703.97,-3904775.0,1,468649.88,-3904773.2,1,468608.8,-3904777.2,1,468472.62,-3904799.5,1,468312.6,-3904826.2,1,468178.88,-3904845.2,1,467969.66,-3904878.5,1,467928.16,-3904886.2,1,467920.72,-3904887.2,1,467833.88,-3904899.2,1,467742.75,-3904913.2,1,467689.62,-3904921.8,1,467636.94,-3904932.8,1,467582.34,-3904944.8,1,467493.4,-3904976.2,1,467403.0,-3905009.2,1,467349.72,-3905028.2,1,467309.6,-3905041.8,1,467199.12,-3905084.2,1,467114.9,-3905116.0,1,467005.28,-3905158.2,1,466921.06,-3905193.8,1,466881.22,-3905210.5,1,466865.88,-3905215.8,1,466833.38,-3905226.8
11_2_ìåäCìπê¸_ìåì˙ñ{ó∑ãqìSìπ,0,476679.8,-3906024.0,1,476798.3,-3906029.8,1,476958.8,-3906037.5,1,476986.44,-3906039.2
12_4_ãvó¢ïlê¸_ãûïlã}çsìdìS,0,495128.94,-3897594.5,1,495150.56,-3897573.0,1,495181.84,-3897545.5,1,495210.28,-3897521.8,1,495239.66,-3897495.5,1,495250.94,-3897484.5,1,495265.4,-3897473.0,1,495289.75,-3897444.2,1,495300.03,-3897431.0,1,495308.22,-3897418.0,1,495316.47,-3897403.5,1,495326.75,-3897385.0,1,495335.2,-3897368.0,1,495339.1,-3897358.5,1,495346.0,-3897341.0,1,495351.62,-3897319.0,1,495361.34,-3897279.8,1,495364.97,-3897257.5,1,495369.6,-3897230.8,1,495371.4,-3897208.5,1,495372.38,-3897160.5,1,495373.47,-3897133.2,1,495373.44,-3897117.5,1,495373.06,-3897082.8,1,495370.22,-3897052.5,1,495368.4,-3897035.5,1,495365.12,-3897018.8
11_2_â°ïlê¸_ìåì˙ñ{ó∑ãqìSìπ,0,477782.2,-3927344.2,1,477828.88,-3927344.0,1,478014.72,-3927341.0,1,478077.62,-3927337.2,1,478143.6,-3927322.8,1,478311.97,-3927256.2,1,478340.84,-3927244.5,1,478373.47,-3927232.2,1,478410.5,-3927216.8,1,478460.4,-3927198.2,1,478488.75,-3927186.2,1,478756.6,-3927080.2,1,478989.38,-3926988.0,1,479243.1,-3926889.0,1,479309.94,-3926862.8,1,479547.06,-3926766.8
12_4_è¨ìcå¥ê¸_è¨ìcã}ìdìS,0,483897.9,-3936743.2,1,484089.72,-3936842.5
12_4_è¨ìcå¥ê¸_è¨ìcã}ìdìS,0,449517.6,-3910020.0,1,449462.34,-3910032.0,1,449391.56,-3910045.0,1,449316.4,-3910052.8
13_4_ç|çıê¸_î†ç™ìoéRìSìπ,0,436525.3,-3896322.8,1,436486.9,-3896307.0,1,436466.75,-3896298.8
12_4_ëÂóYéRê¸_à…ì§î†ç™ìSìπ,0,442000.34,-3904010.8,1,442037.1,-3904002.0,1,442078.5,-3903990.2
11_2_ç™ä›ê¸_ìåì˙ñ{ó∑ãqìSìπ,0,482726.3,-3909254.5,1,482528.9,-3909198.8
12_4_êÄéqê¸_ãûïlã}çsìdìS,0,486529.34,-3902443.2,1,486551.4,-3902470.0,1,486562.3,-3902481.5,1,486578.44,-3902496.5,1,486606.28,-3902522.2,1,486622.94,-3902534.8,1,486684.84,-3902581.2,1,486713.94,-3902601.2,1,486827.78,-3902676.0,1,486874.66,-3902705.2,1,486930.34,-3902741.8,1,486980.12,-3902774.5,1,487006.5,-3902793.2,1,487021.88,-3902807.2,1,487046.1,-3902830.5,1,487059.3,-3902845.5,1,487076.88,-3902866.0,1,487090.8,-3902882.8,1,487107.66,-3902906.8,1,487123.06,-3902932.5,1,487133.38,-3902952.8,1,487143.7,-3902978.5,1,487153.25,-3903006.0,1,487163.5,-3903044.2,1,487168.72,-3903074.5,1,487173.12,-3903100.2,1,487175.34,-3903138.5,1,487173.22,-3903177.5,1,487170.34,-3903204.2,1,487165.94,-3903234.2,1,487158.72,-3903256.8,1,487155.8,-3903270.0,1,487149.94,-3903294.8,1,487145.78,-3903309.2,1,487134.0,-3903339.0,1,487125.94,-3903360.5,1,487112.8,-3903398.8,1,487102.6,-3903428.8,1,487097.53,-3903453.8,1,487094.84,-3903475.0,1,487093.94,-3903482.2,1,487095.4,-3903493.8,1,487096.16,-3903507.0,1,487099.1,-3903525.8,1,487103.6,-3903549.8,1,487110.9,-3903576.5,1,487119.75,-3903599.5,1,487125.6,-3903611.8,1,487132.88,-3903628.0,1,487146.8,-3903651.8,1,487164.5,-3903679.8,1,487177.88,-3903703.2,1,487194.0,-3903729.2,1,487207.94,-3903746.0,1,487225.53,-3903768.0,1,487241.62,-3903781.5,1,487270.94,-3903804.5,1,487303.88,-3903826.8,1,487333.88,-3903846.2,1,487358.1,-3903859.5,1,487426.12,-3903897.5,1,487466.44,-3903920.8,1,487525.66,-3903953.0,1,487556.4,-3903969.8,1,487586.22,-3903987.5,1,487655.8,-3904019.5,1,487697.56,-3904038.0,1,487721.03,-3904046.8,1,487755.38,-3904056.8,1,487779.5,-3904063.8,1,487857.06,-3904086.8,1,487919.97,-3904103.5,1,487982.9,-3904122.0,1,488010.72,-3904133.8,1,488026.8,-3904139.0,1,488060.56,-3904152.2,1,488082.47,-3904164.8,1,488128.6,-3904189.5,1,488164.16,-3904210.5
12_4_ëÂétê¸_ãûïlã}çsìdìS,0,499327.88,-3927860.5,1,499095.06,-3927855.8,1,498871.34,-3927850.0,1,498850.3,-3927850.0,1,498832.53,-3927846.8,1,498645.62,-3927778.2
12_4_ëÂóYéRê¸_à…ì§î†ç™ìSìπ,0,446688.12,-3899150.5,1,446657.3,-3899171.8,1,446618.6,-3899189.5,1,446555.44,-3899213.2,1,446496.06,-3899235.0,1,446463.3,-3899249.2,1,446439.7,-3899264.5,1,446420.94,-3899281.2,1,446390.6,-3899315.8,1,446134.2,-3899618.2
12_4_ñ{ê¸_ãûïlã}çsìdìS,0,491325.06,-3922138.0,1,491377.34,-3922152.0,1,491413.16,-3922161.5,1,491432.12,-3922165.5,1,491493.1,-3922172.0,1,491581.9,-3922182.0,1,491612.56,-3922185.5,1,491630.9,-3922187.8,1,491666.8,-3922191.8,1,491693.12,-3922195.0,1,491712.72,-3922197.2,1,491761.8,-3922206.0,1,491794.38,-3922211.0,1,491832.75,-3922222.0,1,491877.94,-3922236.2,1,491935.3,-3922259.8,1,491976.12,-3922275.5,1,492037.03,-3922303.5,1,492122.3,-3922345.8,1,492199.9,-3922385.0
12_4_ìåâ°ê¸_ìåãûã}çsìdìS,0,490312.16,-3927850.5,1,490295.97,-3927823.5,1,490287.0,-3927807.5,1,490277.72,-3927783.5,1,490267.44,-3927744.8,1,490263.5,-3927718.2,1,490258.47,-3927675.5,1,490256.25,-3927646.5,1,490257.16,-3927458.5,1,490256.6,-3927440.2,1,490253.72,-3927396.5,1,490249.78,-3927369.5,1,490244.16,-3927348.5,1,490235.78,-3927326.0,1,490225.78,-3927304.2,1,490221.16,-3927295.0,1,490196.8,-3927247.0,1,490147.1,-3927146.2,1,490107.6,-3927065.0,1,490088.03,-3927015.8,1,490070.75,-3926963.2,1,489992.03,-3926711.0,1,489932.25,-3926511.2,1,489903.22,-3926427.5,1,489888.75,-3926357.8
11_2_â°ïlê¸_ìåì˙ñ{ó∑ãqìSìπ,0,475730.84,-3927715.0,1,475742.97,-3927704.2,1,475778.16,-3927670.0,1,475793.25,-3927654.2,1,475854.2,-3927592.8,1,475929.5,-3927518.0,1,476008.8,-3927442.2,1,476046.78,-3927410.8,1,476079.1,-3927392.0,1,476115.03,-3927369.2,1,476166.0,-3927342.0,1,476195.44,-3927328.0,1,476229.94,-3927316.5,1,476270.44,-3927304.0,1,476292.72,-3927300.5,1,476323.62,-3927294.2,1,476359.6,-3927289.8,1,476389.78,-3927287.0,1,476460.97,-3927286.8,1,476655.62,-3927293.5,1,476694.88,-3927294.8,1,476829.78,-3927299.5,1,476843.38,-3927300.0,1,476930.88,-3927304.0,1,477039.4,-3927309.0,1,477127.72,-3927312.8,1,477166.72,-3927314.0,1,477417.44,-3927326.5,1,477601.56,-3927336.0
12_4_Ç¢Ç∏Ç›ñÏê¸_ëäñÕìSìπ,0,478623.9,-3916076.8,1,478764.06,-3916116.2
11_2_íﬂå©ê¸_ìåì˙ñ{ó∑ãqìSìπ,0,495785.22,-3923521.0,1,495829.3,-3923540.5
12_4_ñ{ê¸_ãûïlã}çsìdìS,0,491873.88,-3899605.0,1,491922.66,-3899575.0,1,491950.12,-3899558.8,1,491970.38,-3899547.8
12_4_ñ{ê¸_ãûïlã}çsìdìS,0,497602.44,-3896471.5,1,497598.0,-3896499.2,1,497591.62,-3896521.8,1,497583.25,-3896546.8,1,497538.1,-3896657.5,1,497501.9,-3896748.5,1,497469.72,-3896849.5,1,497448.1,-3896915.0,1,497403.9,-3897005.8,1,497377.9,-3897047.2,1,497361.53,-3897064.5,1,497328.25,-3897099.2,1,497317.34,-3897109.2,1,497260.25,-3897157.0,1,497218.84,-3897185.8,1,497192.3,-3897201.2,1,497154.0,-3897215.8,1,497113.44,-3897226.2,1,497073.4,-3897234.0,1,497042.4,-3897238.5
12_4_ç]Émìáê¸_è¨ìcã}ìdìS,0,474887.8,-3916289.8,1,474890.06,-3916412.8
12_4_ñ{ê¸_ëäñÕìSìπ,0,487464.16,-3918716.0,1,487509.6,-3918698.0,1,487570.62,-3918671.2,1,487644.38,-3918641.8,1,487705.97,-3918619.0,1,487743.6,-3918611.8,1,487789.7,-3918609.2,1,487859.12,-3918621.8,1,487892.66,-3918637.2,1,487896.1,-3918638.8,1,487930.16,-3918656.5
12_4_Ç±Ç«Ç‡ÇÃçëê¸_ìåãûã}çsìdìS,0,477376.44,-3928924.8,1,477324.9,-3928982.8,1,477302.78,-3929010.8,1,477292.75,-3929028.0,1,477288.8,-3929043.5,1,477284.16,-3929066.5,1,477276.84,-3929119.8,1,477253.28,-3929293.2,1,477253.1,-3929294.8,1,477230.7,-3929467.8,1,477218.16,-3929564.8,1,477207.56,-3929636.0,1,477202.2,-3929660.8,1,477194.9,-3929680.5,1,477181.56,-3929705.0,1,477164.12,-3929731.2,1,477143.97,-3929758.5,1,477104.53,-3929815.0,1,477042.94,-3929899.2,1,477013.22,-3929943.2,1,476989.84,-3929978.5,1,476977.75,-3930003.0,1,476969.38,-3930024.8,1,476962.28,-3930047.8,1,476949.12,-3930105.0,1,476926.9,-3930212.8
12_4_è¨ìcå¥ê¸_è¨ìcã}ìdìS,0,483897.9,-3936743.2,1,484089.72,-3936842.5
12_4_è¨ìcå¥ê¸_è¨ìcã}ìdìS,0,472353.6,-3927256.0,1,472288.03,-3927160.0,1,472189.88,-3927024.2,1,472135.88,-3926953.0,1,471915.16,-3926651.5,1,471780.0,-3926465.0,1,471708.9,-3926366.8,1,471636.88,-3926270.0,1,471476.78,-3926054.2,1,471312.28,-3925829.8,1,471190.5,-3925658.2
11_2_å‰ìaèÍê¸_ìåäCó∑ãqìSìπ,0,436143.84,-3909256.5,1,436181.56,-3909144.5,1,436194.47,-3909119.8,1,436206.03,-3909098.8,1,436228.72,-3909066.0,1,436249.97,-3909039.8,1,436297.9,-3908996.8,1,436407.28,-3908903.5,1,436494.38,-3908834.2,1,436597.28,-3908753.2,1,436624.22,-3908735.0,1,436685.22,-3908700.0,1,436749.62,-3908672.5,1,436806.1,-3908651.8,1,436853.0,-3908642.0,1,436884.97,-3908640.5,1,436916.44,-3908643.0,1,436982.3,-3908656.2,1,437085.28,-3908686.0,1,437090.8,-3908687.5,1,437097.47,-3908689.2,1,437237.3,-3908728.0,1,437323.7,-3908738.8,1,437328.25,-3908739.2,1,437386.06,-3908746.5,1,437410.44,-3908746.8,1,437413.88,-3908746.8,1,437445.78,-3908747.2,1,437509.25,-3908739.8,1,437564.28,-3908725.8,1,437644.5,-3908698.5,1,437685.47,-3908683.5,1,437721.72,-3908670.2,1,437758.72,-3908656.8,1,437795.4,-3908643.5,1,437956.8,-3908597.0,1,438137.72,-3908568.8,1,438237.44,-3908560.8,1,438328.72,-3908556.2,1,438464.8,-3908543.5,1,438533.22,-3908539.0,1,438551.72,-3908536.2,1,438585.6,-3908531.0,1,438630.3,-3908520.2,1,438663.72,-3908516.0,1,438706.5,-3908502.8,1,438803.44,-3908474.0,1,438869.0,-3908456.5,1,438939.22,-3908450.0,1,438977.53,-3908449.2,1,439062.7,-3908465.2,1,439108.8,-3908473.8,1,439173.7,-3908485.8,1,439460.88,-3908536.5,1,439655.47,-3908573.2,1,439726.34,-3908586.2,1,439822.97,-3908603.2,1,439823.6,-3908603.5
12_3_1çÜê¸_â°ïlés,0,484746.66,-3912890.8,1,484640.8,-3912964.2
24_5_ã‡ëÚÉVÅ[ÉTÉCÉhÉâÉCÉì_â°ïlêVìsésåí ,0,490140.72,-3910586.8,1,489877.3,-3910672.2,1,489752.84,-3910718.5,1,489682.97,-3910748.0,1,489661.0,-3910757.2,1,489553.6,-3910809.5,1,489433.53,-3910881.8,1,489294.5,-3910981.2,1,489194.06,-3911059.5,1,489140.7,-3911099.2,1,489085.62,-3911152.2,1,489076.38,-3911160.8
11_2_ìåäCìπê¸_ìåì˙ñ{ó∑ãqìSìπ,0,492722.56,-3922798.2,1,492775.38,-3922853.8,1,492805.62,-3922887.5,1,492851.66,-3922945.0,1,492913.12,-3923032.0,1,492941.44,-3923073.8
12_4_ñ{ê¸_ãûïlã}çsìdìS,0,495886.88,-3897364.8,1,495938.8,-3897337.5,1,496029.66,-3897293.0,1,496094.84,-3897261.8,1,496140.88,-3897240.2,1,496174.88,-3897225.8,1,496235.2,-3897203.0,1,496259.56,-3897198.0,1,496293.5,-3897192.8,1,496353.8,-3897189.2,1,496433.3,-3897193.5,1,496486.7,-3897199.8,1,496533.38,-3897208.0,1,496565.12,-3897213.8,1,496621.78,-3897225.2,1,496635.97,-3897228.2,1,496657.28,-3897232.0,1,496674.56,-3897235.5,1,496711.12,-3897241.8,1,496715.94,-3897242.8,1,496734.88,-3897244.5,1,496748.22,-3897244.8,1,496764.16,-3897244.2,1,496786.9,-3897243.5,1,496873.66,-3897242.5
12_4_è¨ìcå¥ê¸_è¨ìcã}ìdìS,0,446365.12,-3900262.8,1,446439.72,-3900174.8
24_5_ã‡ëÚÉVÅ[ÉTÉCÉhÉâÉCÉì_â°ïlêVìsésåí ,0,491037.97,-3909715.5,1,491026.88,-3909896.0,1,491020.3,-3910047.5,1,491008.1,-3910114.0,1,490994.0,-3910170.2,1,490978.06,-3910215.0
12_4_ãvó¢ïlê¸_ãûïlã}çsìdìS,0,494996.72,-3897678.0,1,495121.56,-3897598.5
12_3_3çÜê¸_â°ïlés,0,488267.03,-3926896.8,1,488279.72,-3926822.5,1,488285.4,-3926789.8
12_4_ãvó¢ïlê¸_ãûïlã}çsìdìS,0,494928.9,-3892115.8,1,494965.62,-3892188.2,1,495012.56,-3892282.0,1,495041.0,-3892338.0,1,495064.84,-3892383.5,1,495084.44,-3892420.0,1,495101.84,-3892457.8,1,495110.22,-3892471.5,1,495120.06,-3892486.8,1,495131.0,-3892503.8,1,495145.38,-3892518.2,1,495159.3,-3892534.8,1,495184.34,-3892556.8,1,495207.12,-3892574.2,1,495223.7,-3892584.8,1,495268.28,-3892606.5,1,495350.3,-3892645.5,1,495382.9,-3892663.2,1,495407.47,-3892682.5,1,495466.22,-3892729.8,1,495506.28,-3892764.2,1,495604.78,-3892845.8,1,495702.56,-3892927.5,1,495866.44,-3893061.8,1,495891.1,-3893079.5,1,495915.6,-3893102.0,1,495956.38,-3893143.0,1,495972.7,-3893160.2,1,495988.88,-3893179.5,1,496004.1,-3893199.5,1,496021.5,-3893228.8,1,496050.2,-3893272.2,1,496092.62,-3893343.0,1,496148.62,-3893436.8,1,496187.4,-3893497.2,1,496208.16,-3893523.0,1,496252.4,-3893580.8,1,496289.84,-3893630.8,1,496305.03,-3893652.5,1,496328.44,-3893689.5,1,496355.22,-3893735.5,1,496370.53,-3893768.0,1,496387.47,-3893827.2,1,496392.12,-3893847.8,1,496395.94,-3893863.2,1,496413.0,-3893957.0,1,496427.88,-3894055.2,1,496428.34,-3894062.0
12_3_1çÜê¸_â°ïlés,0,486432.53,-3912942.5,1,486300.94,-3912876.5
12_4_ñ{ê¸_ãûïlã}çsìdìS,0,489386.03,-3903520.0,1,489398.9,-3903502.8,1,489413.4,-3903467.5,1,489418.75,-3903441.2,1,489426.62,-3903404.0,1,489432.12,-3903365.8
11_2_ìåäCìπê¸_ìåì˙ñ{ó∑ãqìSìπ,0,464499.94,-3904847.0,1,464469.56,-3904840.5,1,464179.56,-3904779.0
12_4_ñ{ê¸_ëäñÕìSìπ,0,485339.8,-3920273.8,1,485460.03,-3920158.8
12_4_ìåâ°ê¸_ìåãûã}çsìdìS,0,490196.84,-3923646.0,1,490203.72,-3923725.0
11_2_â°ïlê¸_ìåì˙ñ{ó∑ãqìSìπ,0,484107.1,-3925013.2,1,484013.1,-3924994.2,1,483984.62,-3924988.2,1,483869.7,-3924964.8,1,483781.3,-3924948.0,1,483639.2,-3924922.2,1,483504.8,-3924895.2,1,483502.0,-3924894.8,1,483377.3,-3924885.8,1,483218.62,-3924887.8,1,483115.8,-3924907.2,1,482900.56,-3924968.2,1,482760.44,-3925010.0,1,482528.72,-3925084.5,1,482439.9,-3925112.5,1,482407.75,-3925121.2,1,482338.6,-3925142.5,1,482138.22,-3925203.0,1,482050.03,-3925232.8,1,481989.25,-3925261.5,1,481926.6,-3925302.0,1,481742.94,-3925420.5
12_3_3çÜê¸_â°ïlés,0,486303.56,-3927710.0,1,486517.16,-3927667.2,1,486551.4,-3927661.8,1,486605.25,-3927652.8,1,486679.75,-3927640.2,1,486733.6,-3927631.2,1,486781.53,-3927624.2,1,486831.66,-3927618.2,1,486853.3,-3927615.2,1,486873.8,-3927612.2,1,487022.88,-3927584.8,1,487075.0,-3927566.8,1,487130.62,-3927540.0,1,487244.2,-3927475.8,1,487278.62,-3927452.0,1,487377.56,-3927406.5,1,487430.22,-3927393.5,1,487514.66,-3927363.2,1,487610.8,-3927336.5,1,487789.6,-3927288.8,1,487860.03,-3927269.5,1,488005.12,-3927230.8,1,488043.9,-3927220.8,1,488113.5,-3927196.0,1,488139.22,-3927181.8,1,488167.75,-3927155.5,1,488190.28,-3927125.0,1,488205.94,-3927098.5,1,488220.9,-3927049.0,1,488245.47,-3926976.0,1,488267.03,-3926896.8
12_3_3çÜê¸_â°ïlés,0,488369.47,-3925569.2,1,488371.06,-3925542.5,1,488375.4,-3925387.0,1,488380.47,-3925244.0,1,488412.25,-3925187.5,1,488517.38,-3925070.2
12_4_ç]ÉmìáìdìSê¸_ç]ÉmìáìdìS,0,476721.28,-3904782.0,1,476720.7,-3904730.2
12_4_ìcâÄìsésê¸_ìåãûã}çsìdìS,0,473060.75,-3924711.5,1,473210.8,-3924727.2
11_2_â°ê{âÍê¸_ìåì˙ñ{ó∑ãqìSìπ,0,496358.97,-3894210.8,1,496335.06,-3894287.2,1,496279.25,-3894438.5
12_4_ñ{ê¸_ãûïlã}çsìdìS,0,486876.8,-3915478.8,1,486897.94,-3915393.2
11_2_ìåäCìπê¸_ìåì˙ñ{ó∑ãqìSìπ,0,446811.25,-3897149.5,1,446953.28,-3897366.2,1,446980.44,-3897407.0,1,446985.38,-3897412.8,1,446997.47,-3897426.5,1,447051.62,-3897489.8,1,447080.66,-3897523.8,1,447113.72,-3897562.2,1,447157.78,-3897614.0,1,447243.78,-3897714.5,1,447274.47,-3897750.8,1,447385.12,-3897880.0,1,447407.66,-3897906.5,1,447712.47,-3898263.5,1,447726.84,-3898280.2,1,447861.9,-3898438.5,1,448129.5,-3898751.8,1,448169.34,-3898798.5,1,448250.25,-3898886.2,1,448307.66,-3898937.5,1,448346.7,-3898970.0,1,448392.72,-3899003.2,1,448444.75,-3899037.0,1,448539.06,-3899079.5,1,448615.5,-3899104.2,1,448674.6,-3899115.5,1,448752.2,-3899130.5,1,448767.28,-3899133.5,1,448783.4,-3899136.5,1,448794.78,-3899138.8
11_2_â°ê{âÍê¸_ìåì˙ñ{ó∑ãqìSìπ,0,483519.72,-3902827.8,1,483606.5,-3902808.8,1,483672.03,-3902793.5,1,483727.9,-3902778.2,1,483776.6,-3902756.2,1,483807.2,-3902732.8,1,483826.53,-3902718.5,1,483840.22,-3902706.8,1,483864.38,-3902688.2,1,483905.06,-3902657.2,1,483940.2,-3902628.8,1,483943.8,-3902625.8,1,484016.25,-3902568.5,1,484060.38,-3902537.5,1,484077.53,-3902525.0,1,484121.03,-3902492.0,1,484185.12,-3902445.8,1,484207.9,-3902426.2
12_4_ñ{ê¸_ãûïlã}çsìdìS,0,489641.97,-3920615.0,1,489683.34,-3920672.5
12_4_ëΩñÄê¸_è¨ìcã}ìdìS,0,477477.16,-3934948.2,1,477457.25,-3934958.2,1,477200.28,-3935067.5,1,477105.2,-3935111.5,1,477040.97,-3935143.5,1,476975.5,-3935182.8,1,476903.88,-3935227.2,1,476871.22,-3935247.8,1,476742.66,-3935331.5,1,476648.6,-3935394.5,1,476495.0,-3935501.5
11_2_íﬂå©ê¸_ìåì˙ñ{ó∑ãqìSìπ,0,496344.78,-3922301.0,1,496384.06,-3922321.8,1,496397.03,-3922327.2,1,496425.06,-3922344.5,1,496438.94,-3922356.8,1,496448.94,-3922366.8,1,496459.47,-3922379.5,1,496468.0,-3922394.2,1,496477.25,-3922409.2,1,496482.5,-3922423.0,1,496487.88,-3922444.5,1,496488.7,-3922470.8,1,496486.8,-3922488.5,1,496482.2,-3922508.0,1,496472.94,-3922531.8,1,496285.3,-3922877.0
11_2_ëäñÕê¸_ìåì˙ñ{ó∑ãqìSìπ,0,467209.06,-3913532.8,1,467179.4,-3913593.2
11_2_ç™ä›ê¸_ìåì˙ñ{ó∑ãqìSìπ,0,490339.03,-3914488.5,1,490302.88,-3914480.0,1,490251.47,-3914458.2,1,490200.06,-3914431.2,1,490016.47,-3914319.0,1,489991.66,-3914303.2,1,489876.53,-3914231.8,1,489660.12,-3914101.2,1,489547.56,-3914028.8,1,489505.84,-3913995.0,1,489468.28,-3913944.5,1,489315.44,-3913692.2,1,489243.56,-3913566.0,1,489143.47,-3913388.2,1,489082.12,-3913278.2,1,489082.03,-3913278.0,1,489063.3,-3913243.0,1,489000.78,-3913126.8,1,488898.03,-3912934.5
12_4_ìcâÄìsésê¸_ìåãûã}çsìdìS,0,476505.03,-3925819.0,1,476520.22,-3925861.2,1,476552.66,-3925957.5,1,476578.2,-3926043.8,1,476587.9,-3926086.8,1,476651.06,-3926381.0,1,476687.03,-3926548.2,1,476732.06,-3926742.8
11_2_â°ïlê¸_ìåì˙ñ{ó∑ãqìSìπ,0,466501.06,-3932828.5,1,466426.7,-3932877.5,1,466391.78,-3932897.5,1,466324.28,-3932940.8
11_2_â°ïlê¸_ìåì˙ñ{ó∑ãqìSìπ,0,481742.94,-3925420.5,1,481736.6,-3925424.5,1,481667.12,-3925469.2,1,481598.6,-3925513.5
11_2_ìåäCìπê¸_ìåì˙ñ{ó∑ãqìSìπ,0,489110.22,-3919926.5,1,489151.5,-3919990.0,1,489280.0,-3920166.0
12_4_ñ{ê¸_ãûïlã}çsìdìS,0,489784.56,-3908334.0,1,489726.34,-3908190.5,1,489707.22,-3908145.8,1,489695.34,-3908087.0,1,489696.16,-3907998.2,1,489698.7,-3907840.8,1,489702.0,-3907714.8,1,489700.22,-3907684.5,1,489688.25,-3907614.2,1,489673.38,-3907552.5,1,489654.03,-3907490.8,1,489619.88,-3907416.2,1,489616.16,-3907409.8,1,489602.84,-3907386.0,1,489541.16,-3907318.8,1,489465.03,-3907242.0,1,489436.9,-3907212.5,1,489414.34,-3907179.0,1,489360.06,-3907069.8,1,489278.56,-3906910.2,1,489257.97,-3906871.0,1,489200.97,-3906774.2,1,489184.56,-3906742.2,1,489167.6,-3906665.8,1,489144.0,-3906548.8
11_2_íﬂå©ê¸_ìåì˙ñ{ó∑ãqìSìπ,0,494070.4,-3923881.0,1,494095.97,-3923869.0,1,494124.62,-3923854.2,1,494155.72,-3923841.8,1,494208.75,-3923822.0,1,494234.97,-3923812.0,1,494258.1,-3923804.0,1,494271.06,-3923798.8,1,494285.1,-3923791.5,1,494299.97,-3923781.0,1,494314.47,-3923769.8,1,494330.78,-3923756.5,1,494349.62,-3923737.0,1,494387.88,-3923692.0,1,494480.06,-3923575.5,1,494523.2,-3923522.0
11_2_å‰ìaèÍê¸_ìåäCó∑ãqìSìπ,0,451749.22,-3899720.8,1,451762.56,-3899721.2,1,451790.6,-3899723.8,1,451858.94,-3899731.8,1,451924.84,-3899739.2
12_4_êÄéqê¸_ãûïlã}çsìdìS,0,485399.06,-3901158.8,1,485415.94,-3901198.8,1,485437.28,-3901237.0,1,485453.53,-3901264.0,1,485466.72,-3901282.8,1,485484.3,-3901302.2,1,485507.0,-3901324.5,1,485533.38,-3901345.8,1,485556.16,-3901363.5,1,485579.53,-3901380.5,1,485607.38,-3901398.0,1,485634.5,-3901412.2,1,485658.62,-3901425.5,1,485682.1,-3901434.5,1,485696.0,-3901440.5,1,485769.97,-3901468.0,1,485807.0,-3901482.5,1,485842.84,-3901494.0,1,485873.7,-3901509.2,1,485890.53,-3901518.0,1,485922.0,-3901537.5,1,485941.75,-3901551.8,1,485966.72,-3901573.0,1,485977.1,-3901581.5,1,485987.56,-3901594.8,1,486010.62,-3901626.8,1,486036.12,-3901663.2,1,486053.9,-3901695.5,1,486079.78,-3901737.5,1,486107.7,-3901783.8,1,486136.3,-3901831.8,1,486169.3,-3901885.8,1,486213.6,-3901960.0,1,486237.75,-3902001.0,1,486256.8,-3902031.0,1,486277.4,-3902065.8,1,486298.66,-3902102.2,1,486307.4,-3902120.2,1,486326.53,-3902148.2,1,486339.03,-3902171.0,1,486355.97,-3902198.5,1,486373.56,-3902231.5,1,486394.8,-3902267.0,1,486412.4,-3902297.2,1,486434.44,-3902328.2,1,486453.5,-3902354.0,1,486477.0,-3902384.2
12_4_ç]ÉmìáìdìSê¸_ç]ÉmìáìdìS,0,482615.03,-3903770.5,1,482614.3,-3903726.8
12_4_ìåâ°ê¸_ìåãûã}çsìdìS,0,489888.06,-3926245.5,1,489889.6,-3926229.8,1,489892.2,-3926203.0,1,489909.5,-3926025.0,1,489929.3,-3925847.0,1,489938.75,-3925760.5,1,489943.62,-3925673.0,1,489950.2,-3925617.8,1,489967.84,-3925434.0,1,489979.4,-3925319.5,1,489994.75,-3925174.0,1,490009.06,-3925067.2
12_4_ìcâÄìsésê¸_ìåãûã}çsìdìS,0,480579.53,-3928626.5,1,480546.72,-3928618.5,1,480521.4,-3928617.0,1,480512.25,-3928616.8,1,480464.22,-3928614.8,1,480173.66,-3928596.5,1,480045.94,-3928597.2,1,479984.84,-3928593.0,1,479942.22,-3928590.5,1,479851.75,-3928585.8,1,479749.22,-3928579.0
12_4_ìSìπê¸_î†ç™ìoéRìSìπ,0,437352.25,-3895349.5,1,437419.62,-3895316.8
11_2_ç™ä›ê¸_ìåì˙ñ{ó∑ãqìSìπ,0,489143.5,-3919917.2,1,489151.4,-3919930.5,1,489185.78,-3919993.0,1,489293.7,-3920153.8
11_2_ìåäCìπê¸_ìåì˙ñ{ó∑ãqìSìπ,0,445792.44,-3895245.8,1,445768.1,-3895176.8,1,445749.88,-3895127.2,1,445717.4,-3895038.5,1,445685.03,-3894951.2
12_4_è¨ìcå¥ê¸_è¨ìcã}ìdìS,0,453122.53,-3909633.2,1,452967.34,-3909753.0,1,452922.8,-3909780.0,1,452854.06,-3909804.8,1,452811.25,-3909816.5,1,452776.6,-3909820.8,1,452686.0,-3909819.5,1,452353.1,-3909808.5,1,452229.25,-3909805.0,1,452043.8,-3909800.0,1,452000.47,-3909798.0,1,451910.2,-3909784.8,1,451820.28,-3909769.8,1,451314.5,-3909676.0,1,451234.94,-3909661.5,1,451195.9,-3909654.5,1,451029.4,-3909624.2,1,450850.9,-3909590.8,1,450791.44,-3909582.2,1,450732.66,-3909581.0,1,450664.0,-3909586.0,1,450615.2,-3909595.2,1,450560.84,-3909610.2,1,450537.8,-3909617.8,1,450452.97,-3909651.8,1,450114.7,-3909787.0,1,449932.03,-3909860.2,1,449889.1,-3909878.0,1,449603.66,-3909992.2,1,449547.53,-3910011.8,1,449517.6,-3910020.0
12_3_1çÜê¸_â°ïlés,0,488179.7,-3916168.5,1,488070.62,-3916073.5
12_3_1çÜê¸_â°ïlés,0,479805.84,-3913368.5,1,479800.94,-3913373.0,1,479709.16,-3913454.0
12_4_Ç¢Ç∏Ç›ñÏê¸_ëäñÕìSìπ,0,480047.9,-3917074.5,1,480059.6,-3917103.0,1,480075.38,-3917140.5,1,480100.66,-3917198.2
11_2_ìÏïêê¸_ìåì˙ñ{ó∑ãqìSìπ,0,496031.2,-3927353.2,1,495891.94,-3927213.5
12_4_è¨ìcå¥ê¸_è¨ìcã}ìdìS,0,445411.56,-3906896.5,1,445440.62,-3906890.5,1,445466.7,-3906889.5
12_4_ñ{ê¸_ãûïlã}çsìdìS,0,488929.88,-3919083.8,1,488872.88,-3919219.5,1,488861.97,-3919265.8,1,488862.0,-3919304.2,1,488875.22,-3919339.8,1,488890.03,-3919366.2,1,488923.84,-3919408.0,1,488981.1,-3919476.0,1,489024.53,-3919536.8,1,489093.53,-3919631.2,1,489109.16,-3919651.8,1,489151.16,-3919710.8,1,489157.25,-3919725.5,1,489167.06,-3919749.2,1,489168.72,-3919757.2,1,489170.2,-3919772.5,1,489170.0,-3919780.0,1,489169.47,-3919791.8,1,489166.0,-3919839.8,1,489165.3,-3919863.2,1,489165.3,-3919882.0,1,489166.8,-3919899.5,1,489171.1,-3919922.0,1,489180.84,-3919947.0,1,489204.0,-3919984.2
12_4_ìåâ°ê¸_ìåãûã}çsìdìS,0,490196.84,-3923646.0,1,490203.72,-3923725.0
11_2_â°ïlê¸_ìåì˙ñ{ó∑ãqìSìπ,0,490017.56,-3924880.0,1,490056.8,-3924872.5,1,490076.84,-3924868.5,1,490115.0,-3924857.8,1,490168.12,-3924837.0,1,490187.53,-3924828.8,1,490248.62,-3924798.5,1,490342.06,-3924750.5,1,490529.3,-3924648.2,1,490643.3,-3924586.8,1,490707.03,-3924552.2,1,490708.03,-3924551.8,1,490719.0,-3924545.8,1,490771.75,-3924517.2,1,490803.28,-3924495.5,1,490830.94,-3924475.2,1,490863.53,-3924447.5,1,490874.78,-3924435.8,1,490901.97,-3924408.8,1,490917.34,-3924386.0,1,490920.06,-3924382.0,1,490930.66,-3924365.8,1,490950.03,-3924326.5,1,491007.38,-3924180.5,1,491009.0,-3924176.5,1,491020.22,-3924147.0,1,491024.03,-3924137.2,1,491091.06,-3923979.5,1,491148.25,-3923843.2,1,491206.34,-3923701.0,1,491213.38,-3923678.8,1,491226.03,-3923646.0,1,491236.0,-3923616.8,1,491245.84,-3923584.0,1,491266.28,-3923524.5,1,491284.62,-3923463.2,1,491307.88,-3923374.8,1,491320.6,-3923319.8,1,491333.22,-3923249.0,1,491342.16,-3923206.0,1,491346.7,-3923184.5,1,491352.25,-3923147.5,1,491372.56,-3923022.8
11_2_ëäñÕê¸_ìåì˙ñ{ó∑ãqìSìπ,0,467806.4,-3923018.0,1,467823.6,-3922900.5,1,467829.44,-3922862.2,1,467845.56,-3922754.5,1,467848.12,-3922737.5,1,467860.34,-3922656.2,1,467884.3,-3922511.5,1,467898.9,-3922431.5,1,467908.16,-3922379.0,1,467914.88,-3922353.5,1,467920.88,-3922335.2,1,467930.56,-3922305.5,1,467956.25,-3922255.5,1,467997.84,-3922193.2,1,468025.88,-3922149.0,1,468036.5,-3922127.2,1,468054.25,-3922089.2,1,468084.5,-3922004.5,1,468123.1,-3921912.2,1,468210.7,-3921693.2,1,468280.47,-3921518.8
11_2_ç™ä›ê¸_ìåì˙ñ{ó∑ãqìSìπ,0,488980.9,-3911228.2,1,488989.25,-3911209.2,1,489008.53,-3911157.8,1,489019.56,-3911120.8,1,489033.3,-3911063.5,1,489041.6,-3911011.2,1,489045.25,-3910955.2,1,489046.1,-3910905.8,1,489040.5,-3910854.2,1,489028.44,-3910801.8,1,489010.75,-3910741.8,1,488994.78,-3910697.8,1,488982.03,-3910665.2,1,488962.66,-3910634.0,1,488933.62,-3910594.0,1,488924.8,-3910583.5,1,488889.7,-3910543.2,1,488859.22,-3910512.0,1,488828.78,-3910485.0,1,488789.94,-3910456.0,1,488766.12,-3910438.2,1,488732.78,-3910420.2,1,488694.88,-3910402.2,1,488663.53,-3910388.8,1,488594.66,-3910368.2,1,488475.62,-3910338.2,1,488406.38,-3910322.8,1,488357.5,-3910312.8,1,488312.34,-3910306.0,1,488243.22,-3910298.2,1,488219.25,-3910298.2,1,488170.38,-3910296.0,1,488134.3,-3910299.5,1,488054.5,-3910316.0,1,488041.25,-3910318.5,1,488023.34,-3910323.2,1,487960.88,-3910341.5,1,487935.1,-3910350.2,1,487901.5,-3910359.2,1,487868.38,-3910369.5,1,487839.78,-3910377.2,1,487831.5,-3910380.0,1,487734.44,-3910411.5,1,487668.44,-3910433.0,1,487548.88,-3910474.2,1,487497.22,-3910490.0,1,487381.97,-3910504.8,1,487295.34,-3910518.5,1,487245.6,-3910521.8,1,487204.97,-3910516.2,1,487133.94,-3910509.8,1,487070.34,-3910495.2,1,487009.47,-3910477.2,1,486931.47,-3910448.0
12_4_ãvó¢ïlê¸_ãûïlã}çsìdìS,0,496428.34,-3894062.0,1,496449.12,-3894209.5
12_3_3çÜê¸_â°ïlés,0,487616.0,-3921217.0,1,487447.8,-3921216.5,1,487430.84,-3921219.8,1,487399.47,-3921230.2,1,487349.16,-3921261.5,1,487332.7,-3921277.5,1,487313.6,-3921313.5,1,487301.88,-3921366.8,1,487274.25,-3921522.0,1,487267.7,-3921579.2,1,487270.4,-3921636.0,1,487283.56,-3921701.8,1,487296.7,-3921746.5,1,487300.97,-3921760.5,1,487327.3,-3921848.0,1,487339.53,-3921901.0,1,487354.4,-3921953.0,1,487371.06,-3921998.2,1,487393.72,-3922046.8,1,487439.56,-3922140.2,1,487463.6,-3922186.8,1,487490.6,-3922237.0,1,487537.72,-3922326.5,1,487593.66,-3922432.2,1,487642.03,-3922529.5,1,487668.22,-3922572.2,1,487722.4,-3922660.5
11_2_íﬂå©ê¸_ìåì˙ñ{ó∑ãqìSìπ,0,496753.12,-3923987.2,1,496810.8,-3924016.0
11_2_ëäñÕê¸_ìåì˙ñ{ó∑ãqìSìπ,0,467075.06,-3917630.8,1,467072.47,-3917589.0,1,467069.47,-3917543.0,1,467064.25,-3917476.2,1,467060.8,-3917412.5,1,467060.47,-3917366.2,1,467062.0,-3917335.2,1,467064.3,-3917299.2,1,467068.03,-3917278.8,1,467073.22,-3917255.8,1,467080.4,-3917236.5,1,467110.88,-3917149.0,1,467120.84,-3917120.5,1,467146.44,-3917046.2,1,467179.84,-3916954.0,1,467199.6,-3916894.8,1,467223.78,-3916827.8,1,467244.72,-3916772.8,1,467258.75,-3916733.0,1,467271.4,-3916695.2,1,467280.6,-3916654.8,1,467284.6,-3916634.5,1,467285.84,-3916622.2,1,467285.94,-3916604.2,1,467281.9,-3916538.8,1,467278.6,-3916481.5,1,467274.03,-3916422.2,1,467271.72,-3916387.5,1,467268.66,-3916339.5,1,467265.56,-3916294.2,1,467262.3,-3916246.2,1,467258.72,-3916182.0,1,467258.12,-3916173.0,1,467257.9,-3916157.2,1,467257.12,-3916140.8,1,467255.75,-3916119.5,1,467251.06,-3916076.5,1,467243.44,-3916029.8,1,467241.34,-3916022.5,1,467232.97,-3915993.2,1,467217.94,-3915951.5,1,467200.66,-3915916.5,1,467185.7,-3915894.2,1,467178.47,-3915884.5,1,467145.72,-3915842.5,1,467108.44,-3915794.8,1,467076.94,-3915752.8,1,467062.53,-3915734.0,1,467036.62,-3915702.2,1,466998.22,-3915647.5,1,466970.2,-3915601.0,1,466962.4,-3915585.2,1,466943.53,-3915542.2,1,466940.4,-3915533.0,1,466932.53,-3915507.0,1,466927.34,-3915482.2,1,466925.4,-3915445.5,1,466928.94,-3915324.5,1,466937.53,-3915116.2
11_2_ìÏïêê¸_ìåì˙ñ{ó∑ãqìSìπ,0,481474.06,-3938559.5,1,481326.5,-3938602.0
12_4_è¨ìcå¥ê¸_è¨ìcã}ìdìS,0,473084.66,-3928622.5,1,473079.62,-3928615.0,1,473056.3,-3928579.5,1,473024.62,-3928526.8,1,473014.97,-3928510.5,1,472995.75,-3928479.8,1,472982.7,-3928455.2,1,472967.38,-3928420.2,1,472949.75,-3928347.0,1,472926.72,-3928234.8,1,472899.3,-3928104.5,1,472885.25,-3928040.8,1,472872.2,-3928000.0,1,472855.0,-3927956.0,1,472839.8,-3927915.0,1,472828.8,-3927898.5,1,472782.28,-3927831.2,1,472709.0,-3927731.8,1,472692.06,-3927707.5,1,472641.25,-3927636.2,1,472570.7,-3927537.2
12_4_ìåâ°ê¸_ìåãûã}çsìdìS,0,489238.7,-3920160.5,1,489165.8,-3920064.2
11_2_â°ê{âÍê¸_ìåì˙ñ{ó∑ãqìSìπ,0,490616.62,-3900914.0,1,490501.2,-3900932.0
11_2_ìåäCìπê¸_ìåì˙ñ{ó∑ãqìSìπ,0,445212.66,-3891249.0,1,445190.16,-3891202.5,1,445125.38,-3891088.8,1,445086.53,-3891020.5,1,445057.62,-3890966.5
11_2_å‰ìaèÍê¸_ìåäCó∑ãqìSìπ,0,440066.94,-3908645.8,1,440223.5,-3908674.0,1,440312.0,-3908690.2,1,440350.75,-3908697.2,1,440418.72,-3908709.5,1,440530.88,-3908730.0,1,440652.5,-3908752.8,1,440907.8,-3908793.2,1,441028.0,-3908818.8,1,441333.28,-3908872.8,1,441520.47,-3908904.8,1,441522.1,-3908905.0,1,441565.0,-3908910.2,1,441566.75,-3908910.5,1,441630.06,-3908910.8,1,441634.97,-3908910.8,1,441683.47,-3908908.2,1,441743.4,-3908890.5,1,441780.12,-3908877.2,1,441809.72,-3908859.5,1,441830.72,-3908845.0,1,441856.06,-3908820.0,1,441892.06,-3908780.8,1,442074.66,-3908606.8,1,442160.8,-3908525.5,1,442249.03,-3908440.5,1,442391.44,-3908300.5,1,442395.6,-3908296.2
11_2_íÜâõê¸_ìåì˙ñ{ó∑ãqìSìπ,0,445640.9,-3937006.8,1,445683.78,-3936985.0,1,445738.72,-3936962.5,1,445778.12,-3936951.5,1,445848.84,-3936934.5,1,445925.38,-3936918.5,1,446060.3,-3936888.0,1,446171.6,-3936864.2,1,446278.44,-3936844.8,1,446297.88,-3936841.5,1,446501.1,-3936806.0
12_4_ç]Émìáê¸_è¨ìcã}ìdìS,0,475024.1,-3912467.0,1,475051.6,-3912363.8
24_5_ã‡ëÚÉVÅ[ÉTÉCÉhÉâÉCÉì_â°ïlêVìsésåí ,0,491327.06,-3907619.8,1,491240.75,-3907619.8,1,491213.5,-3907626.5,1,491191.7,-3907636.2,1,491171.72,-3907654.0,1,491155.4,-3907677.2,1,491144.53,-3907704.8,1,491140.03,-3907749.0,1,491126.78,-3908130.8
12_4_ìcâÄìsésê¸_ìåãûã}çsìdìS,0,489200.22,-3935616.8,1,489242.4,-3935672.0,1,489311.7,-3935748.2
12_4_Ç¢Ç∏Ç›ñÏê¸_ëäñÕìSìπ,0,478764.06,-3916116.2,1,478827.84,-3916134.0,1,478977.0,-3916178.0,1,479128.03,-3916220.8,1,479284.94,-3916272.8,1,479294.2,-3916277.0,1,479358.25,-3916303.0,1,479409.88,-3916331.5,1,479497.22,-3916387.2,1,479557.78,-3916432.8,1,479686.38,-3916537.8,1,479780.88,-3916628.8,1,479927.4,-3916838.8,1,480047.9,-3917074.5
11_2_íÜâõê¸_ìåì˙ñ{ó∑ãqìSìπ,0,449835.28,-3936956.0,1,450033.06,-3936890.2
12_4_è¨ìcå¥ê¸_è¨ìcã}ìdìS,0,481823.75,-3936525.0,1,482031.66,-3936551.2
11_2_ç™ä›ê¸_ìåì˙ñ{ó∑ãqìSìπ,0,490516.28,-3917583.5,1,490448.1,-3917642.5,1,490413.1,-3917675.2,1,490371.66,-3917721.0
12_4_ëÂétê¸_ãûïlã}çsìdìS,0,500598.0,-3927636.8,1,500526.56,-3927651.8
11_2_â°ïlê¸_ìåì˙ñ{ó∑ãqìSìπ,0,487222.88,-3924735.8,1,487071.0,-3924822.5
11_2_ìåäCìπê¸_ìåì˙ñ{ó∑ãqìSìπ,0,481164.0,-3912970.2,1,481152.4,-3913060.5,1,481146.06,-3913163.0,1,481147.25,-3913196.5,1,481156.78,-3913281.8,1,481181.62,-3913488.8,1,481203.0,-3913680.2,1,481218.22,-3913784.2,1,481226.84,-3913839.0,1,481242.94,-3913889.5,1,481263.38,-3913940.2,1,481269.4,-3913953.0,1,481295.6,-3914009.0,1,481325.84,-3914073.5,1,481360.2,-3914129.2
12_3_1çÜê¸_â°ïlés,0,487373.88,-3915378.5,1,487358.03,-3915339.2,1,487339.06,-3915287.2,1,487325.94,-3915240.5
12_4_êÄéqê¸_ãûïlã}çsìdìS,0,486477.0,-3902384.2,1,486529.34,-3902443.2
12_4_ñ{ê¸_ãûïlã}çsìdìS,0,489432.12,-3903365.8,1,489430.78,-3903325.0,1,489430.44,-3903321.5,1,489427.84,-3903299.8,1,489415.8,-3903251.8,1,489388.6,-3903157.5,1,489368.12,-3903071.2,1,489343.6,-3902982.2,1,489325.56,-3902898.0,1,489323.9,-3902870.0,1,489326.4,-3902679.2,1,489329.47,-3902585.0,1,489332.12,-3902510.2,1,489330.06,-3902482.0,1,489328.88,-3902453.0,1,489318.1,-3902408.8,1,489300.9,-3902341.5,1,489293.7,-3902311.0,1,489288.1,-3902256.2,1,489286.84,-3902200.5,1,489288.34,-3902174.8,1,489298.66,-3902122.2,1,489307.78,-3902089.5,1,489322.38,-3902039.2,1,489335.4,-3902003.2,1,489346.12,-3901977.8,1,489361.0,-3901948.5,1,489379.5,-3901915.2,1,489393.75,-3901894.5,1,489405.28,-3901877.8
11_2_â°ê{âÍê¸_ìåì˙ñ{ó∑ãqìSìπ,0,490616.62,-3900914.0,1,490659.53,-3900907.0,1,490687.0,-3900903.5,1,490736.28,-3900895.8,1,490759.9,-3900889.5,1,490788.2,-3900881.0,1,490805.72,-3900875.5,1,490818.25,-3900872.0,1,490830.8,-3900868.2,1,490848.34,-3900861.8,1,490862.25,-3900855.5,1,490888.7,-3900841.2,1,490927.22,-3900819.8,1,490957.12,-3900803.8,1,491107.16,-3900719.2,1,491201.94,-3900663.2,1,491260.38,-3900629.5,1,491302.38,-3900604.8,1,491386.06,-3900554.0,1,491431.06,-3900529.8,1,491456.03,-3900515.8,1,491483.84,-3900499.0,1,491508.28,-3900482.2,1,491533.0,-3900468.2,1,491561.28,-3900447.0,1,491604.97,-3900415.2,1,491640.06,-3900384.5,1,491651.5,-3900373.0,1,491670.94,-3900354.5,1,491703.66,-3900322.8,1,491751.53,-3900271.2,1,491810.2,-3900203.0,1,491850.25,-3900149.8,1,491857.44,-3900141.8,1,491880.16,-3900116.2,1,491910.4,-3900088.0,1,491921.56,-3900077.8,1,491952.84,-3900051.5,1,491985.0,-3900030.8,1,492015.2,-3900010.2,1,492040.34,-3899997.2
12_4_ç]Émìáê¸_è¨ìcã}ìdìS,0,476454.38,-3902818.0,1,476392.53,-3902878.2,1,476332.78,-3902934.8,1,476306.3,-3902963.0,1,476277.88,-3902999.0,1,476254.5,-3903030.0,1,476167.88,-3903170.0,1,476119.06,-3903249.2,1,476099.62,-3903281.0,1,476053.38,-3903356.8,1,476031.0,-3903387.8,1,476001.0,-3903420.2,1,475967.62,-3903454.2,1,475932.8,-3903484.2,1,475855.9,-3903550.8,1,475812.56,-3903586.8,1,475745.8,-3903645.2,1,475717.4,-3903669.5,1,475679.34,-3903704.5,1,475638.0,-3903750.0,1,475603.22,-3903791.5,1,475561.8,-3903845.2,1,475530.5,-3903891.0,1,475503.62,-3903932.8,1,475466.25,-3903997.5
11_2_ìåäCìπê¸_ìåì˙ñ{ó∑ãqìSìπ,0,492941.44,-3923073.8,1,492951.25,-3923074.8,1,492961.78,-3923077.8,1,492977.2,-3923087.0
11_2_ìåäCìπê¸_ìåì˙ñ{ó∑ãqìSìπ,0,448794.78,-3899138.8,1,448893.3,-3899158.0,1,449128.84,-3899203.5
12_4_ãvó¢ïlê¸_ãûïlã}çsìdìS,0,495006.88,-3896162.2,1,495009.0,-3896181.8,1,495014.56,-3896206.2,1,495021.47,-3896232.0,1,495028.03,-3896249.2,1,495033.03,-3896260.5,1,495043.25,-3896279.2,1,495054.25,-3896297.8,1,495066.28,-3896313.0,1,495139.47,-3896412.0,1,495192.72,-3896486.2,1,495207.03,-3896511.2,1,495222.06,-3896548.0,1,495251.94,-3896626.5,1,495276.44,-3896712.5,1,495300.4,-3896790.5,1,495323.12,-3896872.5
12_4_ñ{ê¸_ãûïlã}çsìdìS,0,489683.34,-3920672.5,1,489773.38,-3920797.8,1,489812.2,-3920851.2,1,489871.3,-3920905.2,1,489970.28,-3920996.8,1,489989.9,-3921014.2,1,489999.62,-3921022.5,1,490043.75,-3921063.5,1,490088.9,-3921105.8,1,490136.22,-3921148.5,1,490267.88,-3921268.5,1,490300.66,-3921298.8
11_2_íﬂå©ê¸_ìåì˙ñ{ó∑ãqìSìπ,0,495345.28,-3923366.2,1,495363.5,-3923372.5,1,495604.97,-3923457.2,1,495688.62,-3923485.8,1,495736.34,-3923503.5,1,495785.22,-3923521.0
12_4_ëÂóYéRê¸_à…ì§î†ç™ìSìπ,0,447006.38,-3897393.2,1,447031.3,-3897442.2,1,447032.12,-3897458.0,1,447031.97,-3897490.5,1,447023.12,-3897534.2,1,446995.2,-3897656.5,1,446957.28,-3897830.5,1,446954.0,-3897845.5,1,446950.28,-3897862.5,1,446930.28,-3897954.2,1,446917.1,-3898016.2,1,446911.7,-3898057.2,1,446908.72,-3898080.2,1,446907.06,-3898123.8,1,446896.56,-3898302.5,1,446893.75,-3898347.2,1,446888.44,-3898401.2
12_4_ìcâÄìsésê¸_ìåãûã}çsìdìS,0,477496.66,-3927359.5,1,477699.0,-3927364.0
11_2_ìåäCìπê¸_ìåì˙ñ{ó∑ãqìSìπ,0,440602.2,-3881566.0,1,440637.9,-3881606.2,1,440647.34,-3881628.5,1,440671.94,-3881706.2,1,440679.7,-3881752.0,1,440698.78,-3881843.5,1,440710.38,-3881902.0,1,440721.53,-3881959.5,1,440740.53,-3882052.5,1,440760.72,-3882145.0,1,440772.03,-3882200.2,1,440781.72,-3882248.0,1,440801.12,-3882345.5,1,440812.12,-3882397.5,1,440822.38,-3882443.0,1,440840.9,-3882532.2,1,440852.22,-3882588.8,1,440861.9,-3882636.2,1,440871.97,-3882682.8,1,440882.12,-3882730.2,1,440895.38,-3882793.5,1,440913.38,-3882883.5,1,440923.88,-3882930.5,1,440944.12,-3883031.2,1,440962.88,-3883123.5,1,440974.5,-3883174.0,1,440983.06,-3883218.8,1,441003.03,-3883314.5,1,441021.28,-3883405.8,1,441038.44,-3883492.5,1,441053.12,-3883564.0,1,441073.25,-3883659.2,1,441073.53,-3883661.0,1,441097.66,-3883787.5,1,441118.44,-3883884.5,1,441132.28,-3883952.0,1,441152.16,-3884054.5,1,441161.28,-3884096.8,1,441166.4,-3884116.8,1,441170.94,-3884141.2,1,441186.53,-3884213.8,1,441194.9,-3884252.5,1,441199.12,-3884272.0,1,441200.72,-3884279.8,1,441209.94,-3884325.5,1,441211.1,-3884331.5,1,441231.7,-3884418.5,1,441251.75,-3884488.8,1,441252.84,-3884492.8,1,441261.12,-3884516.8,1,441263.62,-3884521.5,1,441273.22,-3884540.5,1,441289.47,-3884573.8
12_4_ñ{ê¸_ëäñÕìSìπ,0,472818.78,-3920588.8,1,472915.06,-3920571.0,1,472983.34,-3920557.2,1,473017.25,-3920550.8,1,473117.2,-3920529.0,1,473134.78,-3920525.5,1,473264.34,-3920499.2,1,473357.9,-3920479.5,1,473432.0,-3920464.5,1,473474.72,-3920458.8,1,473544.75,-3920455.5,1,473604.2,-3920458.2,1,473622.97,-3920460.5,1,473678.44,-3920470.5,1,473704.94,-3920475.8,1,473754.25,-3920490.0,1,473768.88,-3920494.2,1,473833.8,-3920518.2,1,473850.53,-3920524.8,1,473863.88,-3920529.0,1,473887.66,-3920536.8,1,473930.88,-3920545.2,1,473966.47,-3920551.2,1,473980.06,-3920552.0,1,474027.88,-3920551.5,1,474077.16,-3920550.5,1,474451.44,-3920533.5
12_4_ìSìπê¸_î†ç™ìoéRìSìπ,0,438256.47,-3895535.2,1,438307.97,-3895482.0
12_4_ëÂóYéRê¸_à…ì§î†ç™ìSìπ,0,446975.66,-3897334.2,1,447006.38,-3897393.2
11_2_ìÏïêê¸_ìåì˙ñ{ó∑ãqìSìπ,0,482714.12,-3938217.8,1,482713.06,-3938218.0,1,482607.34,-3938246.5,1,482399.22,-3938306.0,1,482272.44,-3938343.5,1,482073.25,-3938394.8,1,482010.97,-3938412.8,1,481976.94,-3938422.5,1,481941.75,-3938432.0,1,481774.5,-3938478.2,1,481631.8,-3938517.2,1,481474.06,-3938559.5
11_2_â°ïlê¸_ìåì˙ñ{ó∑ãqìSìπ,0,488858.06,-3924582.2,1,488664.53,-3924559.2
12_4_ìcâÄìsésê¸_ìåãûã}çsìdìS,0,484705.16,-3932583.5,1,484721.06,-3932599.8,1,484753.2,-3932632.0,1,484815.72,-3932697.8
12_4_ìSìπê¸_î†ç™ìoéRìSìπ,0,437419.62,-3895316.8,1,437439.66,-3895305.0,1,437469.2,-3895287.5,1,437487.5,-3895275.0,1,437492.06,-3895263.5,1,437492.88,-3895249.2,1,437491.84,-3895233.0,1,437491.4,-3895220.5,1,437497.84,-3895208.0,1,437512.6,-3895195.2,1,437526.12,-3895192.2,1,437543.16,-3895192.5,1,437567.22,-3895198.8,1,437595.28,-3895214.5,1,437612.84,-3895229.5,1,437631.75,-3895250.8,1,437642.6,-3895268.0,1,437643.94,-3895277.0,1,437643.2,-3895299.8,1,437644.8,-3895338.5,1,437645.78,-3895347.5,1,437657.28,-3895377.0,1,437669.28,-3895403.8,1,437679.1,-3895441.8,1,437682.5,-3895457.0,1,437688.03,-3895482.0,1,437693.53,-3895512.5,1,437697.2,-3895532.5,1,437700.4,-3895546.5,1,437710.06,-3895562.8,1,437723.72,-3895576.0,1,437740.78,-3895585.0,1,437767.97,-3895592.5,1,437794.12,-3895598.8,1,437818.78,-3895601.2,1,437882.53,-3895606.5,1,437939.7,-3895612.0,1,437978.56,-3895614.0,1,438017.06,-3895615.2,1,438044.53,-3895613.5,1,438066.62,-3895610.2,1,438082.25,-3895607.0,1,438092.34,-3895606.2,1,438115.44,-3895604.8,1,438133.38,-3895604.8,1,438153.0,-3895601.5,1,438168.62,-3895597.5,1,438183.4,-3895589.2,1,438206.03,-3895572.8,1,438220.38,-3895564.8,1,438233.84,-3895553.5,1,438256.47,-3895535.2
11_2_ëäñÕê¸_ìåì˙ñ{ó∑ãqìSìπ,0,464757.72,-3932708.2,1,464765.03,-3932836.2
12_4_è¨ìcå¥ê¸_è¨ìcã}ìdìS,0,463985.06,-3914843.5,1,464032.8,-3914888.5,1,464057.62,-3914912.0,1,464069.75,-3914923.5,1,464149.75,-3914999.2,1,464197.94,-3915037.0,1,464234.47,-3915071.8,1,464253.53,-3915090.2,1,464273.94,-3915109.8,1,464340.28,-3915173.5,1,464348.66,-3915181.2,1,464426.84,-3915252.8,1,464463.22,-3915288.8,1,464492.75,-3915322.5,1,464506.53,-3915341.5,1,464519.8,-3915366.0,1,464566.47,-3915456.5,1,464592.8,-3915507.8,1,464603.6,-3915528.8,1,464610.0,-3915540.8,1,464650.16,-3915618.8,1,464735.12,-3915775.0,1,464736.94,-3915778.5,1,464765.97,-3915837.0,1,464830.2,-3915962.5,1,464851.6,-3916004.0,1,464870.53,-3916045.2,1,464879.03,-3916060.5,1,464886.62,-3916073.5,1,464904.62,-3916103.5,1,464929.0,-3916140.2,1,464967.75,-3916186.5,1,465078.84,-3916319.2,1,465129.5,-3916389.2,1,465181.4,-3916455.0,1,465217.88,-3916499.2,1,465227.2,-3916510.2,1,465249.16,-3916537.0,1,465298.16,-3916597.0,1,465311.0,-3916613.2,1,465334.53,-3916643.0,1,465366.56,-3916684.0,1,465379.6,-3916700.2,1,465399.47,-3916725.0,1,465514.12,-3916868.2,1,465587.56,-3916961.0,1,465606.97,-3916983.8,1,465638.44,-3917023.0,1,465640.25,-3917023.5,1,465652.2,-3917036.0,1,465702.4,-3917083.5,1,465709.7,-3917090.5
11_2_ìÏïêê¸_ìåì˙ñ{ó∑ãqìSìπ,0,487320.1,-3935240.8,1,487204.0,-3935322.2
12_4_ç]ÉmìáìdìSê¸_ç]ÉmìáìdìS,0,478944.3,-3902417.0,1,478920.84,-3902409.5,1,478909.1,-3902407.0,1,478887.75,-3902405.2,1,478843.56,-3902403.8,1,478809.75,-3902405.5,1,478761.47,-3902407.2,1,478738.66,-3902408.2,1,478687.66,-3902410.0,1,478664.22,-3902411.8,1,478643.5,-3902416.0,1,478617.4,-3902423.5,1,478586.44,-3902434.5,1,478557.47,-3902443.8,1,478544.38,-3902444.8,1,478515.38,-3902443.0,1,478490.53,-3902442.2,1,478453.9,-3902444.8,1,478432.56,-3902448.2,1,478378.03,-3902454.2,1,478348.4,-3902457.8,1,478327.7,-3902460.2,1,478251.78,-3902472.2,1,478206.25,-3902477.2,1,478182.8,-3902479.0,1,478127.28,-3902482.0
13_4_ç|çıê¸_î†ç™ìoéRìSìπ,0,436946.28,-3896499.5,1,436887.12,-3896470.5
12_4_è¨ìcå¥ê¸_è¨ìcã}ìdìS,0,457905.4,-3910760.0,1,457962.75,-3910788.2,1,457985.88,-3910800.0,1,458012.84,-3910813.5,1,458114.16,-3910863.5,1,458131.1,-3910870.5,1,458161.12,-3910885.8,1,458224.4,-3910916.5,1,458326.38,-3910967.8,1,458359.6,-3910984.5,1,458397.75,-3911002.2,1,458414.7,-3911011.2,1,458424.06,-3911016.0,1,458434.7,-3911019.8,1,458437.16,-3911021.5,1,458469.1,-3911035.0,1,458506.6,-3911051.8,1,458533.53,-3911062.8,1,458554.2,-3911072.0,1,458556.66,-3911074.0,1,458560.38,-3911074.5,1,458592.34,-3911088.0,1,458626.1,-3911103.5,1,458695.53,-3911133.8,1,458775.1,-3911167.5,1,458833.25,-3911193.0,1,458853.72,-3911202.0,1,459005.6,-3911268.0,1,459034.1,-3911278.8,1,459071.12,-3911295.2,1,459092.6,-3911304.8,1,459201.72,-3911351.0,1,459216.28,-3911358.2,1,459233.84,-3911365.0,1,459323.47,-3911403.8,1,459361.06,-3911420.5,1,459423.3,-3911445.5,1,459452.06,-3911458.5,1,459502.75,-3911478.8,1,459538.22,-3911494.2,1,459547.78,-3911498.5,1,459565.44,-3911505.8,1,459605.94,-3911522.5,1,459640.97,-3911538.0,1,459691.66,-3911561.2,1,459739.28,-3911584.8,1,459749.28,-3911589.8,1,459784.34,-3911607.5,1,459813.84,-3911623.8,1,459861.25,-3911648.5,1,459896.97,-3911669.5,1,459937.66,-3911693.0,1,459957.7,-3911705.8,1,460007.12,-3911733.0,1,460026.53,-3911745.5,1,460086.0,-3911780.0,1,460180.5,-3911835.0,1,460214.38,-3911854.2,1,460233.12,-3911865.2,1,460300.16,-3911904.8,1,460335.66,-3911925.5,1,460412.7,-3911970.5,1,460444.56,-3911989.0,1,460555.56,-3912053.8,1,460641.44,-3912105.8,1,460683.12,-3912128.5,1,460748.78,-3912166.5,1,460778.66,-3912185.2,1,460817.88,-3912208.0,1,460843.28,-3912222.2,1,460884.16,-3912245.5,1,460936.16,-3912276.2,1,461021.9,-3912325.2,1,461055.06,-3912345.8,1,461119.25,-3912382.0
12_4_ç]ÉmìáìdìSê¸_ç]ÉmìáìdìS,0,476562.72,-3903404.2,1,476526.28,-3903436.2
11_2_íÜâõê¸_ìåì˙ñ{ó∑ãqìSìπ,0,447179.9,-3936697.2,1,447268.3,-3936699.5,1,447321.06,-3936703.2,1,447379.8,-3936713.0,1,447432.6,-3936725.8,1,447490.75,-3936742.8,1,447529.34,-3936759.8,1,447547.22,-3936767.8,1,447606.66,-3936800.2,1,447652.47,-3936828.5,1,447670.2,-3936839.5
12_4_ñ{ê¸_ãûïlã}çsìdìS,0,486855.53,-3913906.5,1,486860.06,-3913703.5
11_2_íÜâõê¸_ìåì˙ñ{ó∑ãqìSìπ,0,450213.62,-3936897.2,1,450276.53,-3936905.0,1,450320.44,-3936921.5,1,450381.9,-3936946.8,1,450439.88,-3936982.5,1,450475.9,-3937009.0,1,450556.2,-3937065.5,1,450615.75,-3937124.2,1,450626.94,-3937135.5,1,450738.9,-3937268.2,1,450778.75,-3937318.2
12_4_ç]ÉmìáìdìSê¸_ç]ÉmìáìdìS,0,476912.75,-3902969.5,1,476893.62,-3902983.0,1,476866.75,-3903004.5,1,476837.2,-3903030.8,1,476815.25,-3903050.8,1,476806.12,-3903067.5,1,476784.12,-3903109.0,1,476746.6,-3903181.8,1,476727.6,-3903211.5,1,476712.34,-3903230.2,1,476694.94,-3903246.5,1,476651.3,-3903279.8,1,476637.44,-3903293.2,1,476624.38,-3903311.0,1,476587.66,-3903375.2,1,476581.94,-3903383.8,1,476562.72,-3903404.2
11_2_â°ê{âÍê¸_ìåì˙ñ{ó∑ãqìSìπ,0,487368.97,-3901573.2,1,487257.88,-3901590.2
11_2_ëäñÕê¸_ìåì˙ñ{ó∑ãqìSìπ,0,465738.6,-3928865.8,1,465711.0,-3928903.2,1,465695.12,-3928923.5
12_3_1çÜê¸_â°ïlés,0,487325.94,-3915240.5,1,487314.53,-3915200.2,1,487276.44,-3915111.2,1,487232.3,-3915025.2,1,487205.8,-3914975.5,1,487183.97,-3914929.2,1,487138.06,-3914837.0,1,487033.8,-3914619.0,1,487027.34,-3914601.8,1,486965.0,-3914433.5,1,486926.34,-3914335.0,1,486911.75,-3914278.2,1,486914.75,-3914234.0,1,486913.7,-3914177.2,1,486907.34,-3914136.8,1,486889.7,-3914102.8,1,486863.47,-3914058.8,1,486826.0,-3913999.5,1,486809.3,-3913965.5,1,486807.22,-3913947.8,1,486803.9,-3913863.2
11_2_â°ïlê¸_ìåì˙ñ{ó∑ãqìSìπ,0,464642.1,-3934025.0,1,464696.38,-3933989.8,1,464919.12,-3933845.2,1,465056.7,-3933758.2,1,465108.9,-3933723.0,1,465312.5,-3933594.8,1,465541.16,-3933451.0,1,465632.9,-3933391.5,1,465744.78,-3933316.5,1,465767.66,-3933302.8,1,465774.4,-3933298.8,1,465785.72,-3933291.2,1,465801.0,-3933281.2,1,465850.6,-3933249.5,1,465957.34,-3933178.8,1,466085.03,-3933095.2,1,466170.62,-3933039.5,1,466275.38,-3932972.0,1,466324.28,-3932940.8
12_4_ëÂóYéRê¸_à…ì§î†ç™ìSìπ,0,446759.44,-3899094.0,1,446688.12,-3899150.5
12_3_3çÜê¸_â°ïlés,0,483092.2,-3931332.5,1,483172.9,-3931313.2,1,483233.88,-3931298.0,1,483279.06,-3931285.8,1,483338.47,-3931264.8,1,483430.28,-3931231.8,1,483478.84,-3931213.8,1,483572.28,-3931174.0,1,483606.3,-3931155.2,1,483668.44,-3931132.2,1,483709.8,-3931116.8,1,483743.88,-3931103.5,1,483889.62,-3931082.5,1,484040.38,-3931057.0,1,484055.6,-3931053.2,1,484065.2,-3931050.8,1,484079.97,-3931047.0,1,484139.8,-3931023.5,1,484192.5,-3930989.0,1,484225.1,-3930961.5,1,484259.66,-3930936.8,1,484302.38,-3930904.2,1,484339.03,-3930879.5,1,484391.88,-3930840.8
12_4_ìåâ°ê¸_ìåãûã}çsìdìS,0,492828.8,-3932771.2,1,492781.44,-3932651.8
12_4_ãvó¢ïlê¸_ãûïlã}çsìdìS,0,495121.56,-3897598.5,1,495128.94,-3897594.5
11_2_íﬂå©ê¸_ìåì˙ñ{ó∑ãqìSìπ,0,494523.2,-3923522.0,1,494578.56,-3923453.8
12_3_3çÜê¸_â°ïlés,0,486303.56,-3927710.0,1,486517.16,-3927667.2,1,486551.4,-3927661.8,1,486605.25,-3927652.8,1,486679.75,-3927640.2,1,486733.6,-3927631.2,1,486781.53,-3927624.2,1,486831.66,-3927618.2,1,486853.3,-3927615.2,1,486873.8,-3927612.2,1,487022.88,-3927584.8,1,487075.0,-3927566.8,1,487130.62,-3927540.0,1,487244.2,-3927475.8,1,487278.62,-3927452.0,1,487377.56,-3927406.5,1,487430.22,-3927393.5,1,487514.66,-3927363.2,1,487610.8,-3927336.5,1,487789.6,-3927288.8,1,487860.03,-3927269.5,1,488005.12,-3927230.8,1,488043.9,-3927220.8,1,488113.5,-3927196.0,1,488139.22,-3927181.8,1,488167.75,-3927155.5,1,488190.28,-3927125.0,1,488205.94,-3927098.5,1,488220.9,-3927049.0,1,488245.47,-3926976.0,1,488267.03,-3926896.8
11_2_â°ê{âÍê¸_ìåì˙ñ{ó∑ãqìSìπ,0,482641.88,-3903744.5,1,482643.9,-3903707.0,1,482649.28,-3903662.5,1,482655.47,-3903623.2,1,482658.88,-3903603.5,1,482672.4,-3903549.5,1,482679.28,-3903521.2,1,482683.25,-3903507.5,1,482686.4,-3903493.8,1,482703.12,-3903444.0,1,482715.06,-3903412.0,1,482728.1,-3903379.2,1,482754.34,-3903325.8,1,482768.84,-3903299.0,1,482788.75,-3903263.8,1,482821.75,-3903211.5,1,482841.72,-3903188.2,1,482871.28,-3903154.5,1,482907.12,-3903115.0,1,482931.25,-3903091.5,1,482963.56,-3903063.0,1,482991.6,-3903041.5,1,483019.94,-3903019.8,1,483053.6,-3902994.5,1,483083.28,-3902973.5,1,483116.34,-3902953.2,1,483170.1,-3902927.0,1,483207.34,-3902911.2,1,483271.5,-3902887.5,1,483330.72,-3902870.0,1,483387.97,-3902856.2,1,483392.88,-3902855.0,1,483418.22,-3902848.8,1,483447.94,-3902841.8,1,483480.12,-3902835.2,1,483519.72,-3902827.8
12_4_ìSìπê¸_î†ç™ìoéRìSìπ,0,439297.97,-3895158.8,1,439320.34,-3895144.8,1,439346.53,-3895126.8,1,439369.84,-3895113.0,1,439388.3,-3895100.0,1,439399.0,-3895091.5,1,439404.3,-3895086.8
12_4_Ç±Ç«Ç‡ÇÃçëê¸_ìåãûã}çsìdìS,0,477376.44,-3928924.8,1,477417.66,-3928878.2,1,477448.38,-3928845.0
12_4_ëÂóYéRê¸_à…ì§î†ç™ìSìπ,0,446815.84,-3897078.5,1,446879.47,-3897193.0,1,446888.97,-3897211.5,1,446895.4,-3897224.5,1,446907.6,-3897242.2,1,446922.8,-3897261.8,1,446939.84,-3897279.5,1,446950.84,-3897294.5,1,446962.3,-3897308.2,1,446972.3,-3897323.2,1,446975.66,-3897334.2
12_4_ñ{ê¸_ëäñÕìSìπ,0,478427.9,-3920237.8,1,478480.8,-3920210.8,1,478531.72,-3920174.5,1,478574.9,-3920129.5,1,478576.9,-3920127.2,1,478597.72,-3920105.0,1,478661.12,-3920021.5,1,478742.0,-3919886.8,1,478816.3,-3919772.2,1,478856.94,-3919726.2,1,478914.62,-3919672.5,1,478989.53,-3919619.0,1,479061.47,-3919573.2,1,479118.28,-3919545.8,1,479238.78,-3919504.0
11_2_ìÏïêê¸_ìåì˙ñ{ó∑ãqìSìπ,0,494917.62,-3927040.2,1,494926.66,-3926985.0,1,494928.28,-3926975.0,1,494932.44,-3926948.0,1,494937.97,-3926928.2,1,494950.9,-3926899.5,1,494963.4,-3926870.2,1,494984.78,-3926818.5,1,495001.9,-3926786.8,1,495018.47,-3926756.5,1,495034.7,-3926735.5,1,495052.8,-3926715.8,1,495125.56,-3926641.5,1,495164.2,-3926603.0,1,495212.12,-3926555.2,1,495276.2,-3926493.5,1,495307.62,-3926463.5,1,495334.2,-3926443.5,1,495376.88,-3926414.8,1,495395.28,-3926404.8,1,495433.34,-3926384.2
11_2_å‰ìaèÍê¸_ìåäCó∑ãqìSìπ,0,449183.12,-3902350.8,1,449367.7,-3902139.2
12_4_ñ{ê¸_ãûïlã}çsìdìS,0,495051.03,-3925807.2,1,494999.94,-3925714.5
12_4_ñ{ê¸_ãûïlã}çsìdìS,0,489578.5,-3917843.2,1,489582.66,-3917834.0,1,489594.62,-3917804.8,1,489607.8,-3917766.5
11_2_ëäñÕê¸_ìåì˙ñ{ó∑ãqìSìπ,0,467023.75,-3912233.2,1,467051.97,-3912320.2
11_2_ç™ä›ê¸_ìåì˙ñ{ó∑ãqìSìπ,0,490548.72,-3914552.5,1,490339.03,-3914488.5
12_4_è¨ìcå¥ê¸_è¨ìcã}ìdìS,0,444988.56,-3906634.8,1,445005.62,-3906644.8,1,445077.22,-3906687.5,1,445101.84,-3906701.2,1,445244.62,-3906774.8
12_4_ìSìπê¸_î†ç™ìoéRìSìπ,0,438307.97,-3895482.0,1,438313.16,-3895471.2,1,438317.44,-3895455.2,1,438317.3,-3895439.8,1,438316.4,-3895426.5,1,438317.56,-3895410.5,1,438323.6,-3895400.8,1,438331.88,-3895397.2,1,438343.7,-3895397.5,1,438356.8,-3895401.2,1,438369.94,-3895402.8,1,438380.84,-3895403.2,1,438391.75,-3895400.2,1,438404.72,-3895394.5,1,438425.2,-3895378.0,1,438457.3,-3895350.8,1,438484.25,-3895328.5,1,438498.53,-3895314.2,1,438508.06,-3895297.8,1,438522.3,-3895276.2,1,438535.3,-3895261.5,1,438561.28,-3895241.0,1,438581.78,-3895230.8,1,438597.84,-3895222.2,1,438611.3,-3895209.8,1,438618.7,-3895200.2,1,438625.12,-3895181.2,1,438627.2,-3895164.0,1,438626.1,-3895136.5,1,438627.8,-3895122.2,1,438634.2,-3895111.5,1,438643.8,-3895107.0,1,438656.47,-3895107.0,1,438676.16,-3895113.8,1,438737.03,-3895137.5,1,438758.4,-3895136.0,1,438785.38,-3895131.2,1,438804.62,-3895125.0,1,438819.38,-3895111.5,1,438827.1,-3895094.8,1,438831.78,-3895077.5,1,438832.5,-3895046.8,1,438836.5,-3895007.8,1,438840.72,-3894982.8,1,438845.0,-3894971.0,1,438851.1,-3894958.0,1,438861.0,-3894944.8,1,438880.6,-3894932.5,1,438907.97,-3894919.5,1,438949.84,-3894907.5,1,438996.94,-3894900.0,1,439049.3,-3894895.2,1,439095.97,-3894892.2,1,439162.38,-3894901.5,1,439194.7,-3894901.5,1,439235.38,-3894902.2,1,439261.12,-3894902.0,1,439287.66,-3894898.8,1,439307.75,-3894892.8,1,439313.28,-3894890.5,1,439320.62,-3894887.5,1,439327.25,-3894884.5,1,439331.88,-3894882.0,1,439337.94,-3894878.2,1,439343.75,-3894874.8,1,439352.0,-3894868.8,1,439363.66,-3894857.5,1,439377.66,-3894845.0,1,439389.44,-3894834.5
12_4_ëÂóYéRê¸_à…ì§î†ç™ìSìπ,0,443317.44,-3903658.0,1,443357.66,-3903650.5,1,443393.34,-3903643.0
12_3_3çÜê¸_â°ïlés,0,488719.3,-3924851.5,1,488618.97,-3924960.0,1,488517.38,-3925070.2
12_4_ìåâ°ê¸_ìåãûã}çsìdìS,0,490034.0,-3924895.8,1,490046.53,-3924856.8,1,490054.34,-3924844.0,1,490072.72,-3924817.5,1,490089.2,-3924799.0,1,490107.6,-3924782.2,1,490137.47,-3924753.2,1,490187.7,-3924713.8,1,490228.1,-3924678.2,1,490247.28,-3924659.8,1,490259.25,-3924646.0,1,490272.1,-3924627.0,1,490283.4,-3924608.8,1,490298.16,-3924579.5,1,490305.4,-3924563.5,1,490310.72,-3924547.8,1,490315.25,-3924529.5,1,490318.22,-3924512.5,1,490321.28,-3924492.0,1,490322.88,-3924458.2,1,490325.94,-3924181.2,1,490322.53,-3924144.8,1,490316.44,-3924115.0,1,490308.97,-3924079.8,1,490299.5,-3924046.0,1,490286.56,-3924006.5,1,490265.44,-3923940.5,1,490250.53,-3923891.2,1,490241.97,-3923867.2,1,490232.78,-3923839.8,1,490224.12,-3923809.8,1,490213.22,-3923766.2,1,490203.72,-3923725.0
12_4_ñ{ê¸_ëäñÕìSìπ,0,468370.28,-3918778.2,1,468437.88,-3918852.8,1,468499.84,-3918924.8,1,468539.38,-3918975.0,1,468565.56,-3919008.8,1,468588.0,-3919044.2,1,468601.5,-3919066.2,1,468610.53,-3919076.8,1,468622.1,-3919090.2,1,468630.12,-3919098.0,1,468649.16,-3919116.8,1,468663.8,-3919130.0,1,468695.66,-3919154.2,1,468709.47,-3919160.5,1,468729.9,-3919167.0,1,468745.25,-3919172.0,1,468764.88,-3919179.5,1,468785.22,-3919184.0,1,468814.2,-3919190.8,1,468844.78,-3919196.2,1,468860.06,-3919199.2,1,468872.03,-3919201.8,1,468881.75,-3919203.0,1,468900.8,-3919205.0,1,468975.16,-3919208.8,1,469048.47,-3919210.5,1,469100.47,-3919211.8,1,469129.6,-3919213.8,1,469160.84,-3919218.0,1,469202.34,-3919226.0,1,469245.12,-3919237.2,1,469266.47,-3919245.0,1,469297.34,-3919255.8,1,469307.8,-3919259.8,1,469321.06,-3919265.8,1,469333.06,-3919272.8,1,469366.34,-3919289.5,1,469414.44,-3919317.0,1,469442.0,-3919332.5,1,469481.9,-3919356.2,1,469512.66,-3919376.0,1,469520.8,-3919381.0,1,469534.1,-3919390.2,1,469534.56,-3919390.5,1,469562.12,-3919410.0,1,469604.97,-3919442.5,1,469641.9,-3919468.5,1,469673.47,-3919490.5,1,469705.12,-3919515.8,1,469712.3,-3919521.8,1,469721.88,-3919528.8,1,469733.88,-3919538.5,1,469743.88,-3919546.8,1,469755.34,-3919556.0,1,469801.4,-3919598.5,1,469820.53,-3919617.0,1,469843.38,-3919641.2,1,469859.06,-3919660.0,1,469867.25,-3919669.2,1,469877.9,-3919683.5,1,469908.44,-3919723.2,1,469939.34,-3919765.5,1,470001.78,-3919851.0,1,470040.72,-3919908.5,1,470077.8,-3919957.5,1,470096.3,-3919981.2,1,470114.2,-3920001.0,1,470129.2,-3920014.0,1,470151.22,-3920033.8,1,470165.84,-3920044.5,1,470185.5,-3920060.2,1,470209.25,-3920075.8,1,470238.44,-3920092.5,1,470284.7,-3920115.5,1,470374.2,-3920158.0
24_5_ã‡ëÚÉVÅ[ÉTÉCÉhÉâÉCÉì_â°ïlêVìsésåí ,0,489076.38,-3911160.8,1,489015.22,-3911218.8
12_4_è¨ìcå¥ê¸_è¨ìcã}ìdìS,0,471080.12,-3925505.0,1,471054.16,-3925470.0,1,470860.78,-3925208.2,1,470761.34,-3925077.5,1,470591.72,-3924847.5,1,470472.12,-3924687.2,1,470466.03,-3924679.0,1,470384.12,-3924569.5,1,470333.56,-3924502.0,1,470296.75,-3924449.8,1,470243.8,-3924374.8,1,470212.47,-3924330.2,1,470136.94,-3924225.2,1,470112.8,-3924194.5,1,470094.7,-3924171.5,1,470070.53,-3924138.2,1,469980.4,-3924015.5,1,469947.72,-3923970.0,1,469942.16,-3923962.5,1,469937.22,-3923955.5,1,469908.88,-3923915.0,1,469865.72,-3923860.5
11_2_ìÏïêê¸_ìåì˙ñ{ó∑ãqìSìπ,0,488300.66,-3934675.8,1,488151.84,-3934815.5
12_4_ñ{ê¸_ëäñÕìSìπ,0,478242.56,-3920324.8,1,478427.9,-3920237.8
